     2.250      6.750      7.250      6.250      8.000      8.250      0.000      0.072      0.928      3.000
     2.500      4.750      4.500      7.000      7.750      8.250      0.000      0.738      0.262      2.000
     3.000      4.250      4.000      7.250      6.750      7.500      0.000      0.987      0.013      2.000
     2.500      5.500      6.000      5.250      6.500      7.000      0.000      0.995      0.005      2.000
     2.500      4.750      4.750      7.750      7.750      6.500      0.000      0.934      0.066      2.000
     1.000      1.000      2.750      3.750      4.250      3.500      1.000      0.000      0.000      1.000
     1.000      1.750      2.000      4.750      5.750      7.250      0.093      0.907      0.000      2.000
     5.500      6.750      7.250      7.250      8.000      8.250      0.000      0.006      0.994      3.000
     6.500      8.750      8.250      9.000      9.000      7.250      0.000      0.000      1.000      3.000
     2.250      5.500      8.000      5.750      5.000      8.750      0.000      0.893      0.107      2.000
     2.750      4.250      3.250      7.750      7.750      7.000      0.000      0.977      0.023      2.000
     1.000      1.000      1.000      1.250      4.250      2.000      1.000      0.000      0.000      1.000
     1.500      1.750      5.000      7.000      7.250      7.000      0.000      0.994      0.006      2.000
     1.250      4.000      7.750      8.250      8.750      9.250      0.000      0.001      0.999      3.000
     1.750      6.750      2.000      5.250      7.000      5.750      0.005      0.995      0.000      2.000
     4.250      5.750      5.750      6.000      5.500      7.250      0.000      0.995      0.005      2.000
     1.000      3.500      7.250      7.750      9.250      9.000      0.000      0.003      0.997      3.000
     1.750      2.500      2.250      4.250      7.750      7.750      0.000      1.000      0.000      2.000
     3.250      7.000      3.750      6.250      6.000      6.000      0.001      0.999      0.000      2.000
     2.500      7.250      5.000      6.750      5.750      6.250      0.000      0.998      0.002      2.000
     5.500      6.250      7.250      6.500      8.250      7.500      0.000      0.043      0.957      3.000
     1.500      3.250      5.500      8.500      7.500      9.000      0.000      0.142      0.858      3.000
     2.000      6.500      6.500      7.250      8.000      6.750      0.000      0.435      0.565      3.000
     3.500      3.250      6.000      6.500      6.500      7.500      0.000      0.972      0.028      2.000
     3.000      5.750      4.750      6.250      5.750      5.750      0.002      0.998      0.000      2.000
     1.750      3.500      6.000      7.250      8.000      8.000      0.000      0.430      0.570      3.000
     1.000      7.000      7.500      7.500      7.250      6.750      0.000      0.422      0.578      3.000
     5.250      6.750      8.500      8.250      8.500      9.250      0.000      0.000      1.000      3.000
     1.000      2.500      5.750      7.250      8.000      6.750      0.000      0.941      0.059      2.000
     1.000      7.500      7.000      6.500      4.250      6.250      0.001      0.999      0.001      2.000
     3.500      6.000      6.750      9.250      8.750      8.500      0.000      0.001      0.999      3.000
     2.250      4.500      6.250      5.000      7.250      7.750      0.000      0.965      0.035      2.000
     2.500      5.000      7.000      7.750      4.250      4.000      0.076      0.924      0.000      2.000
     3.000      5.500      7.750      8.250      6.000      5.750      0.000      0.896      0.104      2.000
     1.750      5.000      6.250      6.500      7.000      7.500      0.000      0.905      0.095      2.000
     2.000      5.250      7.250      9.000      6.250      7.750      0.000      0.200      0.800      3.000
     1.250      3.000      6.500      6.750      6.250      7.250      0.000      0.988      0.012      2.000
     6.250      7.000      7.500      6.750      6.500      7.000      0.000      0.388      0.612      3.000
     1.750      5.750      4.000      5.000      4.250      4.250      0.975      0.025      0.000      1.000
     1.000      4.750      3.000      5.250      4.750      7.250      0.035      0.965      0.000      2.000
     6.000      5.250      5.250      5.500      6.500      6.250      0.000      0.997      0.003      2.000
     2.000      3.250      4.250      7.750      7.500      6.000      0.000      0.995      0.005      2.000
     3.500      3.750      7.000      7.000      7.750      7.500      0.000      0.333      0.667      3.000
     3.000      4.500      3.250      6.250      5.000      6.250      0.030      0.970      0.000      2.000
     1.000      2.250      2.250      5.500      7.000      6.500      0.006      0.994      0.000      2.000
     2.250      3.250      6.000      8.000      7.750      7.750      0.000      0.387      0.613      3.000
     1.500      2.250      4.000      4.500      7.000      6.250      0.008      0.992      0.000      2.000
     2.250      6.250      7.250      7.750      8.250      7.250      0.000      0.046      0.954      3.000
     1.500      8.000      6.250      8.250      7.750      8.500      0.000      0.016      0.984      3.000
     2.250      4.500      6.250      6.750      8.250      8.000      0.000      0.265      0.735      3.000
     7.000      7.250      7.000      7.750      8.250      8.250      0.000      0.001      0.999      3.000
     4.750      8.750      6.750      8.750      8.750      7.750      0.000      0.001      0.999      3.000
     1.250      4.000      1.000      2.500      3.750      4.250      1.000      0.000      0.000      1.000
     7.750      7.000      7.250      7.250      6.500      8.250      0.000      0.033      0.967      3.000
     1.750      5.250      6.000      8.250      9.750      8.500      0.000      0.002      0.998      3.000
     4.500      6.500      6.250      8.500      9.000      8.250      0.000      0.001      0.999      3.000
     1.250      6.250      4.250      7.000      7.000      5.000      0.000      0.999      0.000      2.000
     1.250      5.500      5.250      2.500      6.250      5.500      0.211      0.789      0.000      2.000
     4.500      5.250      8.000      6.000      8.500      7.750      0.000      0.032      0.968      3.000
     3.500      6.500      6.250      5.250      5.750      6.750      0.000      0.997      0.003      2.000
     3.500      5.250      5.500      5.750      5.750      5.750      0.002      0.997      0.000      2.000
     2.500      8.250      8.250      9.750      8.750      8.500      0.000      0.000      1.000      3.000
     2.250      3.500      6.000      5.500      7.750      7.750      0.000      0.928      0.072      2.000
     3.750      4.750      8.000      8.000      8.750      8.000      0.000      0.002      0.998      3.000
     2.000      3.750      2.500      5.000      5.500      4.500      0.934      0.066      0.000      1.000
     5.500      6.000      5.500      6.000      6.000      5.750      0.000      0.998      0.001      2.000
     3.750      5.750      4.250      5.500      6.500      7.250      0.000      0.998      0.002      2.000
     2.250      4.000      7.500      6.500      6.000      5.000      0.001      0.998      0.001      2.000
     3.250      7.000      5.250      7.000      7.750      8.250      0.000      0.242      0.758      3.000
     1.250      6.250      3.500      7.750      6.000      6.250      0.000      0.999      0.001      2.000
     2.750      5.000      4.000      4.250      4.750      5.000      0.887      0.113      0.000      1.000
     1.000      4.250      3.500      7.000      9.000      5.250      0.000      0.997      0.003      2.000
     3.000      6.250      3.000      5.500      5.250      5.750      0.074      0.926      0.000      2.000
     1.750      7.250      4.500      7.250      6.500      8.250      0.000      0.889      0.111      2.000
     1.500      7.000      7.250      6.250      6.250      7.250      0.000      0.908      0.092      2.000
     2.500      5.250      7.250      7.000      8.250      8.750      0.000      0.015      0.985      3.000
     1.250      2.250      6.250      4.750      5.750      7.750      0.000      0.999      0.000      2.000
     3.500      6.500      6.500      6.000      6.750      6.750      0.000      0.949      0.051      2.000
     1.000      8.750      3.500      5.000      7.500     10.000      0.000      0.757      0.243      2.000
     1.250      6.250      4.250      7.750      4.750      6.000      0.002      0.998      0.000      2.000
     3.500      6.750      7.000      7.750      8.250      7.750      0.000      0.014      0.986      3.000
     3.250      5.250      6.750      6.250      7.250      6.500      0.000      0.923      0.077      2.000
     4.250      7.250      7.250      6.750      7.500      7.750      0.000      0.078      0.922      3.000
     1.000      6.250      7.000      8.500      4.500      4.500      0.003      0.997      0.000      2.000
     1.500      4.000      4.500      5.250      6.000      4.500      0.283      0.717      0.000      2.000
     1.750      2.750      4.000      8.750      6.500      4.000      0.007      0.993      0.000      2.000
     2.750      4.000      4.250      5.000      5.000      5.000      0.660      0.340      0.000      1.000
     3.500      8.500      5.250      6.500      8.500      7.250      0.000      0.280      0.720      3.000
     1.750      4.500      1.750      4.000      3.250      4.500      1.000      0.000      0.000      1.000
     1.500      2.750      3.500      4.500      5.250      6.000      0.528      0.472      0.000      1.000
     1.500      6.250      5.250      6.500      7.000      8.250      0.000      0.856      0.144      2.000
     8.250      7.500      7.500      9.000      7.750      8.750      0.000      0.000      1.000      3.000
     1.250      1.500      2.250      1.750      5.250      5.750      0.999      0.001      0.000      1.000
     1.000      3.250      6.250      9.500      9.500      9.500      0.000      0.000      1.000      3.000
     2.250      5.500      7.750      7.000      7.750      5.750      0.000      0.722      0.278      2.000
     2.750      5.000      4.000      5.500      5.500      5.000      0.170      0.830      0.000      2.000
     2.750      4.250      5.750      6.500      8.000      8.750      0.000      0.275      0.725      3.000
     1.000      8.750      6.750      9.500     10.000      8.500      0.000      0.000      1.000      3.000
     2.250      5.000      6.000      7.000      7.000      7.000      0.000      0.928      0.072      2.000
     3.000      5.500      6.000      7.000      6.500      6.750      0.000      0.965      0.035      2.000
     8.750      7.750      8.250      7.250      9.000      8.000      0.000      0.000      1.000      3.000
     3.000      8.000      8.000      9.000      8.250      8.000      0.000      0.000      1.000      3.000
     1.750      6.000      5.500      7.500      7.000      7.750      0.000      0.742      0.258      2.000
     3.750      3.750      7.000      7.250      6.500      6.750      0.000      0.909      0.091      2.000
     2.750      4.750      6.500      7.000      6.000      7.000      0.000      0.974      0.026      2.000
     2.000      3.250      2.750      3.250      3.000      3.000      1.000      0.000      0.000      1.000
     3.750      2.500      7.250      3.500      8.000      5.000      0.001      0.998      0.001      2.000
     1.000      5.250      3.750      8.500     10.000      9.250      0.000      0.006      0.994      3.000
     1.000      7.250      3.250      8.250      4.750      4.250      0.088      0.912      0.000      2.000
     1.500      5.250      4.250      5.500      8.250      7.250      0.000      0.984      0.016      2.000
     2.500      6.500      3.250      5.500      6.250      7.500      0.000      0.999      0.001      2.000
     2.000      7.750      4.250      5.000      7.500      6.750      0.000      0.996      0.004      2.000
     1.500      2.750      5.500      5.750      3.750      6.000      0.465      0.535      0.000      2.000
     1.500      7.500      4.500      6.000      6.500      6.500      0.000      0.998      0.002      2.000
     1.500      3.750      6.500      9.250      5.500      7.500      0.000      0.854      0.146      2.000
     1.500      6.500      7.750      6.750      7.250      7.500      0.000      0.295      0.705      3.000
     2.250      3.250      3.750      4.500      4.000      5.250      0.985      0.015      0.000      1.000
     1.250      6.750      1.750      5.250      3.000      3.500      1.000      0.000      0.000      1.000
     6.500      7.500      8.000      7.500      7.500      7.750      0.000      0.005      0.995      3.000
     1.500      4.250      4.000      5.500      3.000      3.750      1.000      0.000      0.000      1.000
     1.750      3.750      4.500      4.000      6.000      6.000      0.075      0.925      0.000      2.000
     1.000      3.750      5.000      6.250      8.750      6.750      0.000      0.956      0.044      2.000
     3.250      6.250      6.500      6.250      6.250      5.750      0.000      0.995      0.005      2.000
     2.750      4.250      4.000      5.250      5.250      5.750      0.123      0.877      0.000      2.000
     2.000      5.500      4.750      6.750      8.000      6.500      0.000      0.965      0.035      2.000
     2.500      6.500      7.750      8.750      8.000      8.750      0.000      0.001      0.999      3.000
     3.500      7.250      5.750      7.750      7.000      7.500      0.000      0.412      0.588      3.000
     1.000      4.500      2.250      5.000      6.750      7.250      0.001      0.999      0.000      2.000
     2.000      6.000      4.250      4.750      5.500      6.750      0.005      0.995      0.000      2.000
     2.750      3.500      4.000      7.250      6.500      6.500      0.000      0.999      0.001      2.000
     7.000      8.500      8.750      8.750      8.000      8.000      0.000      0.000      1.000      3.000
     1.750      4.500      7.250      8.500      8.250      7.750      0.000      0.021      0.979      3.000
     1.750      6.000      2.000      7.000      5.500      6.000      0.010      0.990      0.000      2.000
     7.750      5.750      6.500      6.750      6.750      6.000      0.000      0.873      0.127      2.000
     2.250      6.500      9.250     10.000     10.000      9.750      0.000      0.000      1.000      3.000
     2.750      2.250      3.750      8.000      6.000      7.000      0.000      0.999      0.001      2.000
     3.000      6.000      6.750      7.750      9.250      8.500      0.000      0.002      0.998      3.000
     3.750      7.750      5.750      9.750      8.000      7.750      0.000      0.005      0.995      3.000
     1.750      7.000      4.000      6.750      6.500      8.250      0.000      0.968      0.032      2.000
     1.000      2.750      4.750      4.750      8.000      7.000      0.000      0.999      0.001      2.000
     1.000      3.250      3.000      7.250      7.000      6.750      0.000      0.999      0.001      2.000
     1.000      4.500      4.750      6.000      3.250      8.000      0.015      0.985      0.000      2.000
     2.500      4.250      8.000      8.750      8.000      8.000      0.000      0.006      0.994      3.000
     1.000      3.750      8.500     10.000      7.250      6.250      0.000      0.083      0.917      3.000
     2.000      5.500      4.000      6.000      7.750      8.250      0.000      0.940      0.060      2.000
     1.000      2.500      6.750      6.750      9.000      8.250      0.000      0.120      0.880      3.000
     1.250      4.000      6.250      6.500      6.500      6.750      0.000      0.993      0.007      2.000
     1.250      1.500      4.000      4.000      2.500      5.000      1.000      0.000      0.000      1.000
     2.500      8.250      8.250      9.500      7.500      9.000      0.000      0.000      1.000      3.000
     4.250      5.750      5.000      7.250      7.500      6.500      0.000      0.909      0.091      2.000
     1.000      4.500      6.250      5.250      5.750      7.750      0.000      0.998      0.002      2.000
     2.250      6.250      4.000      6.500      6.000      6.250      0.000      0.999      0.000      2.000
     4.250      4.250      3.500      6.000      6.250      4.500      0.092      0.908      0.000      2.000
     3.250      5.250      4.250      4.500      4.250      5.250      0.860      0.140      0.000      1.000
     1.500      1.500      2.000      3.000      4.750      3.250      1.000      0.000      0.000      1.000
     4.250      7.750      6.250      6.500      6.500      6.500      0.000      0.931      0.069      2.000
     2.000      4.750      4.750      2.000      3.750      4.000      1.000      0.000      0.000      1.000
     2.000      5.250      8.000      8.500      7.750      7.000      0.000      0.045      0.955      3.000
     2.500      5.250      4.750      7.500      7.250      6.500      0.000      0.974      0.026      2.000
     2.000      3.750      5.250      6.750      5.750      6.500      0.000      0.999      0.001      2.000
     3.000      5.500      6.250      6.500      6.500      6.750      0.000      0.975      0.025      2.000
     3.750      6.000      5.500      6.250      6.250      8.250      0.000      0.914      0.086      2.000
     2.000      3.500      5.500      6.000      5.500      5.000      0.056      0.944      0.000      2.000
     1.250      4.250      4.000      4.750      6.250      8.250      0.000      0.999      0.000      2.000
     5.000      3.750      4.750      4.000      5.000      5.750      0.410      0.590      0.000      2.000
     1.500      6.250      4.000      6.750      5.500      7.500      0.000      0.999      0.001      2.000
     5.750      1.750      5.500      3.750      3.500      3.250      1.000      0.000      0.000      1.000
     1.000      5.750      3.500      6.250      4.250      4.250      0.919      0.081      0.000      1.000
     2.750      4.000      4.000      8.250      5.750      6.000      0.000      0.999      0.001      2.000
     1.000      8.000      5.500      9.000      6.250      7.000      0.000      0.753      0.247      2.000
     4.250      4.750      6.500      7.750      6.750      7.750      0.000      0.397      0.603      3.000
     1.250      3.000      3.500      4.750      5.250      7.500      0.020      0.980      0.000      2.000
     3.500      4.250      5.500      5.500      6.000      6.000      0.002      0.998      0.000      2.000
     4.000      4.750      7.000      6.250      6.250      6.750      0.000      0.969      0.031      2.000
     3.750      6.500      5.750      5.500      2.750      4.750      0.943      0.057      0.000      1.000
     1.000      4.750      9.500      8.750      9.250      9.500      0.000      0.000      1.000      3.000
     2.250      4.000      7.250      6.750      7.000      7.500      0.000      0.728      0.272      2.000
     3.000      5.750      6.250      6.000      6.000      6.500      0.000      0.996      0.004      2.000
     5.750      5.500      7.000      7.750      7.250      7.750      0.000      0.058      0.942      3.000
     3.000      4.500      5.000      3.500      6.250      6.250      0.017      0.983      0.000      2.000
     2.000      4.750      4.750      7.000      8.000      7.500      0.000      0.846      0.154      2.000
     1.750      3.000      3.500      4.750      6.500      6.500      0.010      0.990      0.000      2.000
     2.500      4.500      7.500      8.500      6.000      8.750      0.000      0.108      0.892      3.000
     2.000      3.750      2.000      6.250      5.000      4.000      0.974      0.026      0.000      1.000
     3.500      6.750      7.000      6.250      8.000      8.250      0.000      0.061      0.939      3.000
     4.000      5.750      5.250      7.500      7.750      7.750      0.000      0.335      0.665      3.000
     1.500      2.750      1.750      2.250      2.500      2.750      1.000      0.000      0.000      1.000
     1.500      4.500      3.500      3.750      5.750      5.500      0.559      0.441      0.000      1.000
     2.000      6.500      7.500     10.000      9.500      9.000      0.000      0.000      1.000      3.000
     2.750      6.000      6.750      9.000      9.000      9.000      0.000      0.000      1.000      3.000
     2.500      4.500      4.250      4.250      5.250      3.750      0.980      0.020      0.000      1.000
     2.000      6.750      5.500      7.750      7.250      6.000      0.000      0.939      0.061      2.000
     1.000      2.000      2.000      5.250      4.250      7.000      0.730      0.270      0.000      1.000
     1.750      3.250      4.500      4.250      4.750      5.500      0.825      0.175      0.000      1.000
     3.000      5.000      8.250      6.500      6.500      8.750      0.000      0.143      0.857      3.000
     5.750      6.750      5.500      5.000      5.500      6.000      0.002      0.998      0.000      2.000
     1.250      3.750      2.250      5.750      4.500      5.500      0.873      0.127      0.000      1.000
     3.000      7.000      3.000      6.000      8.000      5.000      0.000      0.999      0.000      2.000
     1.500      3.000      5.500      6.250      6.500      6.750      0.000      0.998      0.001      2.000
     1.500      4.500      4.250      5.500      5.750      5.750      0.024      0.976      0.000      2.000
     3.250      2.750      5.000      4.500      3.750      5.250      0.975      0.025      0.000      1.000
     1.000      4.000      4.000      5.250      6.500      5.750      0.011      0.989      0.000      2.000
     3.000      3.750      7.500      8.000      9.000      9.000      0.000      0.001      0.999      3.000
     1.500      4.750      2.750      6.250      5.750      7.500      0.000      0.999      0.000      2.000
     2.500      5.500      2.750      6.750      6.250      7.250      0.000      0.999      0.001      2.000
     1.250      3.500      4.000      5.000      7.000      4.500      0.107      0.893      0.000      2.000
     2.750      6.500      4.500      4.750      6.500      6.750      0.000      0.999      0.000      2.000
     2.000      1.750      3.500      2.250      1.750      3.000      1.000      0.000      0.000      1.000
     1.750      3.500      6.000      7.500      6.000      6.250      0.000      0.997      0.003      2.000
     2.500      3.500      4.000      4.750      4.500      4.500      0.982      0.018      0.000      1.000
     1.000      4.250      4.750      7.750      8.250      8.000      0.000      0.529      0.471      2.000
     4.750      4.750      6.000      6.500      7.500      6.750      0.000      0.868      0.132      2.000
     1.000      1.000      4.250      3.500      7.250      8.000      0.001      0.999      0.000      2.000
     3.750      3.500      4.750      6.500      6.250      6.000      0.001      0.999      0.000      2.000
     1.000      5.750      5.500      6.250      6.000      6.750      0.000      0.998      0.002      2.000
     2.000      5.250      3.750      5.500      7.250      7.500      0.000      0.997      0.003      2.000
     2.500      5.500      6.000      4.500      7.000      5.750      0.000      0.999      0.001      2.000
     1.250      7.500      6.500      7.000      8.250      8.750      0.000      0.022      0.978      3.000
     3.000      8.000      3.500      7.500      7.250      5.250      0.000      0.997      0.003      2.000
     6.000      5.500      5.250      5.750      5.000      6.500      0.002      0.998      0.000      2.000
     3.500      7.500      6.750      6.750      7.000      6.000      0.000      0.883      0.117      2.000
     3.500      9.750      8.750      8.750      9.250      8.750      0.000      0.000      1.000      3.000
     1.500      3.500      6.500      6.250      7.750      7.250      0.000      0.892      0.108      2.000
     1.000      4.500      6.250      7.000      7.000      8.750      0.000      0.523      0.477      2.000
     3.500      3.500      6.250      3.500      6.500      6.750      0.001      0.998      0.000      2.000
     1.500      4.250      7.250      8.750      8.750      7.750      0.000      0.008      0.992      3.000
     2.000      7.000      4.750      7.750      7.250      7.750      0.000      0.664      0.336      2.000
     2.000      3.750      4.500      4.500      4.750      5.500      0.701      0.299      0.000      1.000
     3.750      7.000      6.750      7.250      6.500      6.750      0.000      0.763      0.237      2.000
     1.000      1.750      3.000      4.000      3.250      3.250      1.000      0.000      0.000      1.000
     2.250      4.750      3.250      3.500      3.750      3.500      1.000      0.000      0.000      1.000
     6.000      8.500      6.750      5.750      7.250      6.750      0.000      0.559      0.441      2.000
     2.000      4.750      6.000      7.500      7.000      7.000      0.000      0.894      0.106      2.000
     5.500      5.000      7.500      8.000      8.000      7.000      0.000      0.030      0.970      3.000
     1.750      3.000      5.500      6.250      5.500      7.000      0.001      0.999      0.000      2.000
     1.000      5.750      5.500      6.500      7.250      7.750      0.000      0.906      0.094      2.000
     2.500      4.250      2.500      4.500      3.250      3.750      1.000      0.000      0.000      1.000
     3.500      6.750      6.750      7.500      4.000      5.000      0.008      0.992      0.000      2.000
     3.750      5.000      5.000      5.250      6.000      5.750      0.005      0.995      0.000      2.000
     1.000      6.750     10.000      9.000     10.000      9.250      0.000      0.000      1.000      3.000
     5.000      6.750      7.500      8.000      6.750      5.750      0.000      0.540      0.460      2.000
     1.000      4.250      6.250      6.000      6.500      6.250      0.000      0.998      0.002      2.000
     3.750      6.250      8.750      9.000      9.500      9.250      0.000      0.000      1.000      3.000
     1.750      6.000      7.000      7.500      8.750      8.750      0.000      0.004      0.996      3.000
