     2.250      6.750      7.250      6.250      8.000      8.250      0.000      0.000      0.260      0.000      0.739      0.001      5.000
     2.500      4.750      4.500      7.000      7.750      8.250      0.000      0.000      0.017      0.002      0.981      0.000      5.000
     3.000      4.250      4.000      7.250      6.750      7.500      0.000      0.011      0.000      0.009      0.979      0.000      5.000
     2.500      5.500      6.000      5.250      6.500      7.000      0.000      0.067      0.000      0.009      0.924      0.000      5.000
     2.500      4.750      4.750      7.750      7.750      6.500      0.000      0.008      0.002      0.001      0.990      0.000      5.000
     1.000      1.000      2.750      3.750      4.250      3.500      1.000      0.000      0.000      0.000      0.000      0.000      1.000
     1.000      1.750      2.000      4.750      5.750      7.250      0.000      0.003      0.000      0.996      0.000      0.000      4.000
     5.500      6.750      7.250      7.250      8.000      8.250      0.000      0.000      0.011      0.000      0.009      0.980      6.000
     6.500      8.750      8.250      9.000      9.000      7.250      0.000      0.000      0.000      0.000      0.000      1.000      6.000
     2.250      5.500      8.000      5.750      5.000      8.750      0.000      0.001      0.001      0.001      0.996      0.000      5.000
     2.750      4.250      3.250      7.750      7.750      7.000      0.000      0.008      0.001      0.006      0.985      0.000      5.000
     1.000      1.000      1.000      1.250      4.250      2.000      1.000      0.000      0.000      0.000      0.000      0.000      1.000
     1.500      1.750      5.000      7.000      7.250      7.000      0.000      0.011      0.000      0.092      0.896      0.000      5.000
     1.250      4.000      7.750      8.250      8.750      9.250      0.000      0.000      0.996      0.000      0.004      0.000      3.000
     1.750      6.750      2.000      5.250      7.000      5.750      0.000      0.814      0.000      0.116      0.070      0.000      2.000
     4.250      5.750      5.750      6.000      5.500      7.250      0.000      0.141      0.000      0.001      0.855      0.003      5.000
     1.000      3.500      7.250      7.750      9.250      9.000      0.000      0.000      0.989      0.000      0.011      0.000      3.000
     1.750      2.500      2.250      4.250      7.750      7.750      0.000      0.001      0.000      0.989      0.010      0.000      4.000
     3.250      7.000      3.750      6.250      6.000      6.000      0.000      0.814      0.000      0.002      0.184      0.000      2.000
     2.500      7.250      5.000      6.750      5.750      6.250      0.000      0.427      0.000      0.001      0.572      0.000      5.000
     5.500      6.250      7.250      6.500      8.250      7.500      0.000      0.000      0.003      0.000      0.027      0.970      6.000
     1.500      3.250      5.500      8.500      7.500      9.000      0.000      0.000      0.492      0.000      0.508      0.000      5.000
     2.000      6.500      6.500      7.250      8.000      6.750      0.000      0.001      0.026      0.000      0.973      0.000      5.000
     3.500      3.250      6.000      6.500      6.500      7.500      0.000      0.010      0.000      0.004      0.986      0.000      5.000
     3.000      5.750      4.750      6.250      5.750      5.750      0.000      0.876      0.000      0.002      0.122      0.000      2.000
     1.750      3.500      6.000      7.250      8.000      8.000      0.000      0.000      0.083      0.001      0.916      0.000      5.000
     1.000      7.000      7.500      7.500      7.250      6.750      0.000      0.001      0.029      0.000      0.970      0.000      5.000
     5.250      6.750      8.500      8.250      8.500      9.250      0.000      0.000      0.323      0.000      0.001      0.677      6.000
     1.000      2.500      5.750      7.250      8.000      6.750      0.000      0.002      0.004      0.009      0.985      0.000      5.000
     1.000      7.500      7.000      6.500      4.250      6.250      0.000      0.687      0.000      0.001      0.313      0.000      2.000
     3.500      6.000      6.750      9.250      8.750      8.500      0.000      0.000      0.988      0.000      0.009      0.003      3.000
     2.250      4.500      6.250      5.000      7.250      7.750      0.000      0.003      0.001      0.013      0.983      0.000      5.000
     2.500      5.000      7.000      7.750      4.250      4.000      0.000      0.998      0.000      0.000      0.002      0.000      2.000
     3.000      5.500      7.750      8.250      6.000      5.750      0.000      0.070      0.001      0.000      0.928      0.001      5.000
     1.750      5.000      6.250      6.500      7.000      7.500      0.000      0.002      0.003      0.001      0.994      0.000      5.000
     2.000      5.250      7.250      9.000      6.250      7.750      0.000      0.000      0.108      0.000      0.891      0.000      5.000
     1.250      3.000      6.500      6.750      6.250      7.250      0.000      0.012      0.000      0.016      0.972      0.000      5.000
     6.250      7.000      7.500      6.750      6.500      7.000      0.000      0.000      0.000      0.000      0.005      0.995      6.000
     1.750      5.750      4.000      5.000      4.250      4.250      0.097      0.903      0.000      0.000      0.000      0.000      2.000
     1.000      4.750      3.000      5.250      4.750      7.250      0.000      0.172      0.000      0.804      0.024      0.000      4.000
     6.000      5.250      5.250      5.500      6.500      6.250      0.000      0.472      0.000      0.001      0.373      0.155      2.000
     2.000      3.250      4.250      7.750      7.500      6.000      0.000      0.072      0.000      0.013      0.915      0.000      5.000
     3.500      3.750      7.000      7.000      7.750      7.500      0.000      0.000      0.033      0.000      0.963      0.003      5.000
     3.000      4.500      3.250      6.250      5.000      6.250      0.000      0.933      0.000      0.033      0.034      0.000      2.000
     1.000      2.250      2.250      5.500      7.000      6.500      0.000      0.020      0.000      0.970      0.010      0.000      4.000
     2.250      3.250      6.000      8.000      7.750      7.750      0.000      0.000      0.079      0.000      0.921      0.000      5.000
     1.500      2.250      4.000      4.500      7.000      6.250      0.000      0.089      0.000      0.879      0.032      0.000      4.000
     2.250      6.250      7.250      7.750      8.250      7.250      0.000      0.000      0.364      0.000      0.635      0.001      5.000
     1.500      8.000      6.250      8.250      7.750      8.500      0.000      0.000      0.795      0.000      0.205      0.000      3.000
     2.250      4.500      6.250      6.750      8.250      8.000      0.000      0.000      0.110      0.000      0.889      0.000      5.000
     7.000      7.250      7.000      7.750      8.250      8.250      0.000      0.000      0.000      0.000      0.000      1.000      6.000
     4.750      8.750      6.750      8.750      8.750      7.750      0.000      0.000      0.182      0.000      0.008      0.811      6.000
     1.250      4.000      1.000      2.500      3.750      4.250      1.000      0.000      0.000      0.000      0.000      0.000      1.000
     7.750      7.000      7.250      7.250      6.500      8.250      0.000      0.000      0.000      0.000      0.000      1.000      6.000
     1.750      5.250      6.000      8.250      9.750      8.500      0.000      0.000      0.988      0.000      0.012      0.000      3.000
     4.500      6.500      6.250      8.500      9.000      8.250      0.000      0.000      0.777      0.000      0.034      0.188      3.000
     1.250      6.250      4.250      7.000      7.000      5.000      0.000      0.739      0.000      0.003      0.258      0.000      2.000
     1.250      5.500      5.250      2.500      6.250      5.500      0.001      0.852      0.000      0.138      0.008      0.000      2.000
     4.500      5.250      8.000      6.000      8.500      7.750      0.000      0.000      0.108      0.000      0.388      0.504      6.000
     3.500      6.500      6.250      5.250      5.750      6.750      0.000      0.298      0.000      0.002      0.700      0.000      5.000
     3.500      5.250      5.500      5.750      5.750      5.750      0.000      0.883      0.000      0.002      0.115      0.000      2.000
     2.500      8.250      8.250      9.750      8.750      8.500      0.000      0.000      0.999      0.000      0.000      0.000      3.000
     2.250      3.500      6.000      5.500      7.750      7.750      0.000      0.001      0.002      0.013      0.984      0.000      5.000
     3.750      4.750      8.000      8.000      8.750      8.000      0.000      0.000      0.916      0.000      0.062      0.022      3.000
     2.000      3.750      2.500      5.000      5.500      4.500      0.063      0.918      0.000      0.018      0.000      0.000      2.000
     5.500      6.000      5.500      6.000      6.000      5.750      0.000      0.808      0.000      0.000      0.171      0.021      2.000
     3.750      5.750      4.250      5.500      6.500      7.250      0.000      0.114      0.000      0.017      0.869      0.000      5.000
     2.250      4.000      7.500      6.500      6.000      5.000      0.000      0.789      0.000      0.000      0.210      0.000      2.000
     3.250      7.000      5.250      7.000      7.750      8.250      0.000      0.000      0.069      0.000      0.926      0.004      5.000
     1.250      6.250      3.500      7.750      6.000      6.250      0.000      0.356      0.000      0.011      0.633      0.000      5.000
     2.750      5.000      4.000      4.250      4.750      5.000      0.017      0.979      0.000      0.004      0.000      0.000      2.000
     1.000      4.250      3.500      7.000      9.000      5.250      0.000      0.091      0.000      0.031      0.878      0.000      5.000
     3.000      6.250      3.000      5.500      5.250      5.750      0.000      0.985      0.000      0.007      0.008      0.000      2.000
     1.750      7.250      4.500      7.250      6.500      8.250      0.000      0.001      0.004      0.001      0.994      0.000      5.000
     1.500      7.000      7.250      6.250      6.250      7.250      0.000      0.006      0.001      0.000      0.993      0.000      5.000
     2.500      5.250      7.250      7.000      8.250      8.750      0.000      0.000      0.766      0.000      0.233      0.000      3.000
     1.250      2.250      6.250      4.750      5.750      7.750      0.000      0.023      0.000      0.646      0.331      0.000      4.000
     3.500      6.500      6.500      6.000      6.750      6.750      0.000      0.029      0.000      0.000      0.968      0.002      5.000
     1.000      8.750      3.500      5.000      7.500     10.000      0.000      0.000      0.028      0.013      0.959      0.000      5.000
     1.250      6.250      4.250      7.750      4.750      6.000      0.000      0.842      0.000      0.004      0.154      0.000      2.000
     3.500      6.750      7.000      7.750      8.250      7.750      0.000      0.000      0.548      0.000      0.404      0.049      3.000
     3.250      5.250      6.750      6.250      7.250      6.500      0.000      0.018      0.001      0.000      0.980      0.001      5.000
     4.250      7.250      7.250      6.750      7.500      7.750      0.000      0.000      0.047      0.000      0.526      0.427      5.000
     1.000      6.250      7.000      8.500      4.500      4.500      0.000      0.961      0.000      0.000      0.039      0.000      2.000
     1.500      4.000      4.500      5.250      6.000      4.500      0.002      0.987      0.000      0.008      0.003      0.000      2.000
     1.750      2.750      4.000      8.750      6.500      4.000      0.000      0.975      0.000      0.001      0.024      0.000      2.000
     2.750      4.000      4.250      5.000      5.000      5.000      0.004      0.990      0.000      0.005      0.001      0.000      2.000
     3.500      8.500      5.250      6.500      8.500      7.250      0.000      0.000      0.030      0.000      0.942      0.027      5.000
     1.750      4.500      1.750      4.000      3.250      4.500      0.992      0.008      0.000      0.000      0.000      0.000      1.000
     1.500      2.750      3.500      4.500      5.250      6.000      0.002      0.410      0.000      0.585      0.003      0.000      4.000
     1.500      6.250      5.250      6.500      7.000      8.250      0.000      0.000      0.007      0.002      0.991      0.000      5.000
     8.250      7.500      7.500      9.000      7.750      8.750      0.000      0.000      0.000      0.000      0.000      1.000      6.000
     1.250      1.500      2.250      1.750      5.250      5.750      0.340      0.013      0.000      0.647      0.000      0.000      4.000
     1.000      3.250      6.250      9.500      9.500      9.500      0.000      0.000      0.999      0.000      0.001      0.000      3.000
     2.250      5.500      7.750      7.000      7.750      5.750      0.000      0.010      0.003      0.000      0.986      0.000      5.000
     2.750      5.000      4.000      5.500      5.500      5.000      0.000      0.994      0.000      0.003      0.003      0.000      2.000
     2.750      4.250      5.750      6.500      8.000      8.750      0.000      0.000      0.115      0.001      0.884      0.000      5.000
     1.000      8.750      6.750      9.500     10.000      8.500      0.000      0.000      1.000      0.000      0.000      0.000      3.000
     2.250      5.000      6.000      7.000      7.000      7.000      0.000      0.006      0.001      0.001      0.992      0.000      5.000
     3.000      5.500      6.000      7.000      6.500      6.750      0.000      0.028      0.000      0.000      0.971      0.000      5.000
     8.750      7.750      8.250      7.250      9.000      8.000      0.000      0.000      0.000      0.000      0.000      1.000      6.000
     3.000      8.000      8.000      9.000      8.250      8.000      0.000      0.000      0.978      0.000      0.014      0.007      3.000
     1.750      6.000      5.500      7.500      7.000      7.750      0.000      0.001      0.012      0.000      0.987      0.000      5.000
     3.750      3.750      7.000      7.250      6.500      6.750      0.000      0.015      0.001      0.000      0.982      0.002      5.000
     2.750      4.750      6.500      7.000      6.000      7.000      0.000      0.026      0.000      0.001      0.973      0.000      5.000
     2.000      3.250      2.750      3.250      3.000      3.000      1.000      0.000      0.000      0.000      0.000      0.000      1.000
     3.750      2.500      7.250      3.500      8.000      5.000      0.000      0.773      0.000      0.015      0.212      0.000      2.000
     1.000      5.250      3.750      8.500     10.000      9.250      0.000      0.000      0.990      0.000      0.010      0.000      3.000
     1.000      7.250      3.250      8.250      4.750      4.250      0.000      0.998      0.000      0.000      0.002      0.000      2.000
     1.500      5.250      4.250      5.500      8.250      7.250      0.000      0.004      0.001      0.039      0.956      0.000      5.000
     2.500      6.500      3.250      5.500      6.250      7.500      0.000      0.126      0.000      0.113      0.761      0.000      5.000
     2.000      7.750      4.250      5.000      7.500      6.750      0.000      0.068      0.000      0.012      0.920      0.000      5.000
     1.500      2.750      5.500      5.750      3.750      6.000      0.002      0.946      0.000      0.045      0.007      0.000      2.000
     1.500      7.500      4.500      6.000      6.500      6.500      0.000      0.201      0.000      0.008      0.791      0.000      5.000
     1.500      3.750      6.500      9.250      5.500      7.500      0.000      0.002      0.006      0.000      0.992      0.000      5.000
     1.500      6.500      7.750      6.750      7.250      7.500      0.000      0.000      0.049      0.000      0.950      0.000      5.000
     2.250      3.250      3.750      4.500      4.000      5.250      0.198      0.782      0.000      0.020      0.000      0.000      2.000
     1.250      6.750      1.750      5.250      3.000      3.500      0.985      0.015      0.000      0.000      0.000      0.000      1.000
     6.500      7.500      8.000      7.500      7.500      7.750      0.000      0.000      0.000      0.000      0.000      1.000      6.000
     1.500      4.250      4.000      5.500      3.000      3.750      0.927      0.073      0.000      0.000      0.000      0.000      1.000
     1.750      3.750      4.500      4.000      6.000      6.000      0.000      0.609      0.000      0.369      0.022      0.000      2.000
     1.000      3.750      5.000      6.250      8.750      6.750      0.000      0.002      0.003      0.018      0.977      0.000      5.000
     3.250      6.250      6.500      6.250      6.250      5.750      0.000      0.434      0.000      0.000      0.566      0.000      5.000
     2.750      4.250      4.000      5.250      5.250      5.750      0.000      0.964      0.000      0.026      0.010      0.000      2.000
     2.000      5.500      4.750      6.750      8.000      6.500      0.000      0.011      0.001      0.002      0.986      0.000      5.000
     2.500      6.500      7.750      8.750      8.000      8.750      0.000      0.000      0.985      0.000      0.014      0.000      3.000
     3.500      7.250      5.750      7.750      7.000      7.500      0.000      0.001      0.017      0.000      0.971      0.012      5.000
     1.000      4.500      2.250      5.000      6.750      7.250      0.000      0.018      0.000      0.944      0.038      0.000      4.000
     2.000      6.000      4.250      4.750      5.500      6.750      0.000      0.694      0.000      0.138      0.168      0.000      2.000
     2.750      3.500      4.000      7.250      6.500      6.500      0.000      0.199      0.000      0.033      0.767      0.000      5.000
     7.000      8.500      8.750      8.750      8.000      8.000      0.000      0.000      0.000      0.000      0.000      1.000      6.000
     1.750      4.500      7.250      8.500      8.250      7.750      0.000      0.000      0.756      0.000      0.244      0.000      3.000
     1.750      6.000      2.000      7.000      5.500      6.000      0.000      0.910      0.000      0.040      0.050      0.000      2.000
     7.750      5.750      6.500      6.750      6.750      6.000      0.000      0.000      0.000      0.000      0.000      0.999      6.000
     2.250      6.500      9.250     10.000     10.000      9.750      0.000      0.000      1.000      0.000      0.000      0.000      3.000
     2.750      2.250      3.750      8.000      6.000      7.000      0.000      0.102      0.000      0.071      0.826      0.000      5.000
     3.000      6.000      6.750      7.750      9.250      8.500      0.000      0.000      0.971      0.000      0.028      0.001      3.000
     3.750      7.750      5.750      9.750      8.000      7.750      0.000      0.000      0.797      0.000      0.140      0.064      3.000
     1.750      7.000      4.000      6.750      6.500      8.250      0.000      0.002      0.001      0.005      0.992      0.000      5.000
     1.000      2.750      4.750      4.750      8.000      7.000      0.000      0.010      0.000      0.623      0.368      0.000      4.000
     1.000      3.250      3.000      7.250      7.000      6.750      0.000      0.056      0.000      0.362      0.583      0.000      5.000
     1.000      4.500      4.750      6.000      3.250      8.000      0.000      0.297      0.000      0.546      0.156      0.000      4.000
     2.500      4.250      8.000      8.750      8.000      8.000      0.000      0.000      0.899      0.000      0.101      0.000      3.000
     1.000      3.750      8.500     10.000      7.250      6.250      0.000      0.000      0.319      0.000      0.681      0.000      5.000
     2.000      5.500      4.000      6.000      7.750      8.250      0.000      0.001      0.003      0.016      0.981      0.000      5.000
     1.000      2.500      6.750      6.750      9.000      8.250      0.000      0.000      0.507      0.001      0.492      0.000      3.000
     1.250      4.000      6.250      6.500      6.500      6.750      0.000      0.035      0.000      0.012      0.953      0.000      5.000
     1.250      1.500      4.000      4.000      2.500      5.000      0.996      0.004      0.000      0.000      0.000      0.000      1.000
     2.500      8.250      8.250      9.500      7.500      9.000      0.000      0.000      0.997      0.000      0.003      0.001      3.000
     4.250      5.750      5.000      7.250      7.500      6.500      0.000      0.018      0.001      0.000      0.970      0.011      5.000
     1.000      4.500      6.250      5.250      5.750      7.750      0.000      0.026      0.000      0.103      0.871      0.000      5.000
     2.250      6.250      4.000      6.500      6.000      6.250      0.000      0.586      0.000      0.011      0.402      0.000      2.000
     4.250      4.250      3.500      6.000      6.250      4.500      0.000      0.997      0.000      0.001      0.003      0.000      2.000
     3.250      5.250      4.250      4.500      4.250      5.250      0.008      0.990      0.000      0.001      0.000      0.000      2.000
     1.500      1.500      2.000      3.000      4.750      3.250      1.000      0.000      0.000      0.000      0.000      0.000      1.000
     4.250      7.750      6.250      6.500      6.500      6.500      0.000      0.055      0.000      0.000      0.889      0.055      5.000
     2.000      4.750      4.750      2.000      3.750      4.000      0.994      0.006      0.000      0.000      0.000      0.000      1.000
     2.000      5.250      8.000      8.500      7.750      7.000      0.000      0.000      0.377      0.000      0.623      0.000      5.000
     2.500      5.250      4.750      7.500      7.250      6.500      0.000      0.022      0.000      0.001      0.976      0.000      5.000
     2.000      3.750      5.250      6.750      5.750      6.500      0.000      0.329      0.000      0.034      0.638      0.000      5.000
     3.000      5.500      6.250      6.500      6.500      6.750      0.000      0.037      0.000      0.001      0.962      0.000      5.000
     3.750      6.000      5.500      6.250      6.250      8.250      0.000      0.003      0.001      0.001      0.993      0.002      5.000
     2.000      3.500      5.500      6.000      5.500      5.000      0.000      0.981      0.000      0.005      0.014      0.000      2.000
     1.250      4.250      4.000      4.750      6.250      8.250      0.000      0.007      0.000      0.784      0.209      0.000      4.000
     5.000      3.750      4.750      4.000      5.000      5.750      0.001      0.992      0.000      0.005      0.002      0.000      2.000
     1.500      6.250      4.000      6.750      5.500      7.500      0.000      0.085      0.000      0.037      0.879      0.000      5.000
     5.750      1.750      5.500      3.750      3.500      3.250      0.981      0.019      0.000      0.000      0.000      0.000      1.000
     1.000      5.750      3.500      6.250      4.250      4.250      0.027      0.973      0.000      0.000      0.000      0.000      2.000
     2.750      4.000      4.000      8.250      5.750      6.000      0.000      0.558      0.000      0.005      0.436      0.000      2.000
     1.000      8.000      5.500      9.000      6.250      7.000      0.000      0.003      0.009      0.000      0.988      0.000      5.000
     4.250      4.750      6.500      7.750      6.750      7.750      0.000      0.001      0.016      0.000      0.945      0.039      5.000
     1.250      3.000      3.500      4.750      5.250      7.500      0.000      0.025      0.000      0.965      0.011      0.000      4.000
     3.500      4.250      5.500      5.500      6.000      6.000      0.000      0.785      0.000      0.009      0.206      0.000      2.000
     4.000      4.750      7.000      6.250      6.250      6.750      0.000      0.053      0.000      0.000      0.943      0.004      5.000
     3.750      6.500      5.750      5.500      2.750      4.750      0.008      0.992      0.000      0.000      0.000      0.000      2.000
     1.000      4.750      9.500      8.750      9.250      9.500      0.000      0.000      1.000      0.000      0.000      0.000      3.000
     2.250      4.000      7.250      6.750      7.000      7.500      0.000      0.001      0.008      0.000      0.991      0.000      5.000
     3.000      5.750      6.250      6.000      6.000      6.500      0.000      0.212      0.000      0.002      0.786      0.000      5.000
     5.750      5.500      7.000      7.750      7.250      7.750      0.000      0.000      0.003      0.000      0.028      0.970      6.000
     3.000      4.500      5.000      3.500      6.250      6.250      0.000      0.779      0.000      0.150      0.071      0.000      2.000
     2.000      4.750      4.750      7.000      8.000      7.500      0.000      0.001      0.008      0.002      0.989      0.000      5.000
     1.750      3.000      3.500      4.750      6.500      6.500      0.000      0.138      0.000      0.824      0.037      0.000      4.000
     2.500      4.500      7.500      8.500      6.000      8.750      0.000      0.000      0.222      0.000      0.777      0.000      5.000
     2.000      3.750      2.000      6.250      5.000      4.000      0.124      0.874      0.000      0.002      0.000      0.000      2.000
     3.500      6.750      7.000      6.250      8.000      8.250      0.000      0.000      0.189      0.000      0.773      0.038      5.000
     4.000      5.750      5.250      7.500      7.750      7.750      0.000      0.000      0.033      0.000      0.947      0.020      5.000
     1.500      2.750      1.750      2.250      2.500      2.750      1.000      0.000      0.000      0.000      0.000      0.000      1.000
     1.500      4.500      3.500      3.750      5.750      5.500      0.005      0.783      0.000      0.210      0.002      0.000      2.000
     2.000      6.500      7.500     10.000      9.500      9.000      0.000      0.000      1.000      0.000      0.000      0.000      3.000
     2.750      6.000      6.750      9.000      9.000      9.000      0.000      0.000      0.997      0.000      0.002      0.000      3.000
     2.500      4.500      4.250      4.250      5.250      3.750      0.189      0.810      0.000      0.000      0.000      0.000      2.000
     2.000      6.750      5.500      7.750      7.250      6.000      0.000      0.027      0.001      0.000      0.972      0.000      5.000
     1.000      2.000      2.000      5.250      4.250      7.000      0.000      0.028      0.000      0.971      0.000      0.000      4.000
     1.750      3.250      4.500      4.250      4.750      5.500      0.019      0.894      0.000      0.086      0.001      0.000      2.000
     3.000      5.000      8.250      6.500      6.500      8.750      0.000      0.000      0.092      0.000      0.905      0.003      5.000
     5.750      6.750      5.500      5.000      5.500      6.000      0.000      0.921      0.000      0.000      0.065      0.013      2.000
     1.250      3.750      2.250      5.750      4.500      5.500      0.020      0.856      0.000      0.124      0.001      0.000      2.000
     3.000      7.000      3.000      6.000      8.000      5.000      0.000      0.790      0.000      0.003      0.207      0.000      2.000
     1.500      3.000      5.500      6.250      6.500      6.750      0.000      0.082      0.000      0.097      0.821      0.000      5.000
     1.500      4.500      4.250      5.500      5.750      5.750      0.000      0.885      0.000      0.072      0.043      0.000      2.000
     3.250      2.750      5.000      4.500      3.750      5.250      0.088      0.908      0.000      0.004      0.000      0.000      2.000
     1.000      4.000      4.000      5.250      6.500      5.750      0.000      0.613      0.000      0.314      0.073      0.000      2.000
     3.000      3.750      7.500      8.000      9.000      9.000      0.000      0.000      0.990      0.000      0.010      0.000      3.000
     1.500      4.750      2.750      6.250      5.750      7.500      0.000      0.099      0.000      0.596      0.305      0.000      4.000
     2.500      5.500      2.750      6.750      6.250      7.250      0.000      0.131      0.000      0.086      0.783      0.000      5.000
     1.250      3.500      4.000      5.000      7.000      4.500      0.001      0.937      0.000      0.055      0.007      0.000      2.000
     2.750      6.500      4.500      4.750      6.500      6.750      0.000      0.365      0.000      0.039      0.596      0.000      5.000
     2.000      1.750      3.500      2.250      1.750      3.000      1.000      0.000      0.000      0.000      0.000      0.000      1.000
     1.750      3.500      6.000      7.500      6.000      6.250      0.000      0.150      0.000      0.006      0.844      0.000      5.000
     2.500      3.500      4.000      4.750      4.500      4.500      0.169      0.829      0.000      0.002      0.000      0.000      2.000
     1.000      4.250      4.750      7.750      8.250      8.000      0.000      0.000      0.102      0.001      0.897      0.000      5.000
     4.750      4.750      6.000      6.500      7.500      6.750      0.000      0.011      0.001      0.000      0.932      0.057      5.000
     1.000      1.000      4.250      3.500      7.250      8.000      0.000      0.000      0.000      0.996      0.004      0.000      4.000
     3.750      3.500      4.750      6.500      6.250      6.000      0.000      0.657      0.000      0.010      0.332      0.000      2.000
     1.000      5.750      5.500      6.250      6.000      6.750      0.000      0.124      0.000      0.018      0.858      0.000      5.000
     2.000      5.250      3.750      5.500      7.250      7.500      0.000      0.019      0.000      0.119      0.862      0.000      5.000
     2.500      5.500      6.000      4.500      7.000      5.750      0.000      0.602      0.000      0.012      0.386      0.000      2.000
     1.250      7.500      6.500      7.000      8.250      8.750      0.000      0.000      0.767      0.000      0.233      0.000      3.000
     3.000      8.000      3.500      7.500      7.250      5.250      0.000      0.515      0.000      0.000      0.485      0.000      2.000
     6.000      5.500      5.250      5.750      5.000      6.500      0.000      0.856      0.000      0.000      0.123      0.022      2.000
     3.500      7.500      6.750      6.750      7.000      6.000      0.000      0.045      0.000      0.000      0.946      0.009      5.000
     3.500      9.750      8.750      8.750      9.250      8.750      0.000      0.000      0.987      0.000      0.000      0.013      3.000
     1.500      3.500      6.500      6.250      7.750      7.250      0.000      0.001      0.004      0.004      0.990      0.000      5.000
     1.000      4.500      6.250      7.000      7.000      8.750      0.000      0.000      0.067      0.001      0.932      0.000      5.000
     3.500      3.500      6.250      3.500      6.500      6.750      0.000      0.405      0.000      0.167      0.427      0.000      5.000
     1.500      4.250      7.250      8.750      8.750      7.750      0.000      0.000      0.924      0.000      0.076      0.000      3.000
     2.000      7.000      4.750      7.750      7.250      7.750      0.000      0.000      0.018      0.000      0.982      0.000      5.000
     2.000      3.750      4.500      4.500      4.750      5.500      0.007      0.952      0.000      0.039      0.002      0.000      2.000
     3.750      7.000      6.750      7.250      6.500      6.750      0.000      0.011      0.001      0.000      0.968      0.020      5.000
     1.000      1.750      3.000      4.000      3.250      3.250      1.000      0.000      0.000      0.000      0.000      0.000      1.000
     2.250      4.750      3.250      3.500      3.750      3.500      0.995      0.005      0.000      0.000      0.000      0.000      1.000
     6.000      8.500      6.750      5.750      7.250      6.750      0.000      0.000      0.000      0.000      0.009      0.991      6.000
     2.000      4.750      6.000      7.500      7.000      7.000      0.000      0.004      0.003      0.000      0.993      0.000      5.000
     5.500      5.000      7.500      8.000      8.000      7.000      0.000      0.000      0.007      0.000      0.037      0.956      6.000
     1.750      3.000      5.500      6.250      5.500      7.000      0.000      0.201      0.000      0.155      0.644      0.000      5.000
     1.000      5.750      5.500      6.500      7.250      7.750      0.000      0.001      0.004      0.003      0.992      0.000      5.000
     2.500      4.250      2.500      4.500      3.250      3.750      0.992      0.008      0.000      0.000      0.000      0.000      1.000
     3.500      6.750      6.750      7.500      4.000      5.000      0.000      0.986      0.000      0.000      0.014      0.000      2.000
     3.750      5.000      5.000      5.250      6.000      5.750      0.000      0.922      0.000      0.004      0.074      0.000      2.000
     1.000      6.750     10.000      9.000     10.000      9.250      0.000      0.000      1.000      0.000      0.000      0.000      3.000
     5.000      6.750      7.500      8.000      6.750      5.750      0.000      0.009      0.000      0.000      0.248      0.743      6.000
     1.000      4.250      6.250      6.000      6.500      6.250      0.000      0.162      0.000      0.026      0.812      0.000      5.000
     3.750      6.250      8.750      9.000      9.500      9.250      0.000      0.000      0.998      0.000      0.000      0.001      3.000
     1.750      6.000      7.000      7.500      8.750      8.750      0.000      0.000      0.953      0.000      0.046      0.000      3.000
