     2.250      6.750      7.250      6.250      8.000      8.250      0.000      0.001      0.898      0.101      3.000
     2.500      4.750      4.500      7.000      7.750      8.250      0.000      0.000      0.239      0.761      4.000
     3.000      4.250      4.000      7.250      6.750      7.500      0.000      0.000      0.008      0.992      4.000
     2.500      5.500      6.000      5.250      6.500      7.000      0.000      0.000      0.002      0.998      4.000
     2.500      4.750      4.750      7.750      7.750      6.500      0.000      0.000      0.050      0.950      4.000
     1.000      1.000      2.750      3.750      4.250      3.500      1.000      0.000      0.000      0.000      1.000
     1.000      1.750      2.000      4.750      5.750      7.250      0.118      0.000      0.000      0.882      4.000
     5.500      6.750      7.250      7.250      8.000      8.250      0.000      0.957      0.042      0.001      2.000
     6.500      8.750      8.250      9.000      9.000      7.250      0.000      0.999      0.001      0.000      2.000
     2.250      5.500      8.000      5.750      5.000      8.750      0.000      0.000      0.060      0.940      4.000
     2.750      4.250      3.250      7.750      7.750      7.000      0.000      0.000      0.018      0.982      4.000
     1.000      1.000      1.000      1.250      4.250      2.000      1.000      0.000      0.000      0.000      1.000
     1.500      1.750      5.000      7.000      7.250      7.000      0.000      0.000      0.010      0.990      4.000
     1.250      4.000      7.750      8.250      8.750      9.250      0.000      0.000      1.000      0.000      3.000
     1.750      6.750      2.000      5.250      7.000      5.750      0.005      0.000      0.000      0.995      4.000
     4.250      5.750      5.750      6.000      5.500      7.250      0.000      0.004      0.001      0.995      4.000
     1.000      3.500      7.250      7.750      9.250      9.000      0.000      0.000      0.999      0.001      3.000
     1.750      2.500      2.250      4.250      7.750      7.750      0.000      0.000      0.000      1.000      4.000
     3.250      7.000      3.750      6.250      6.000      6.000      0.001      0.000      0.000      0.999      4.000
     2.500      7.250      5.000      6.750      5.750      6.250      0.000      0.000      0.001      0.999      4.000
     5.500      6.250      7.250      6.500      8.250      7.500      0.000      0.968      0.026      0.006      2.000
     1.500      3.250      5.500      8.500      7.500      9.000      0.000      0.000      0.920      0.080      3.000
     2.000      6.500      6.500      7.250      8.000      6.750      0.000      0.000      0.483      0.517      4.000
     3.500      3.250      6.000      6.500      6.500      7.500      0.000      0.000      0.014      0.986      4.000
     3.000      5.750      4.750      6.250      5.750      5.750      0.002      0.000      0.000      0.998      4.000
     1.750      3.500      6.000      7.250      8.000      8.000      0.000      0.000      0.646      0.354      3.000
     1.000      7.000      7.500      7.500      7.250      6.750      0.000      0.000      0.557      0.443      3.000
     5.250      6.750      8.500      8.250      8.500      9.250      0.000      0.741      0.259      0.000      2.000
     1.000      2.500      5.750      7.250      8.000      6.750      0.000      0.000      0.100      0.900      4.000
     1.000      7.500      7.000      6.500      4.250      6.250      0.001      0.000      0.000      0.999      4.000
     3.500      6.000      6.750      9.250      8.750      8.500      0.000      0.005      0.994      0.001      3.000
     2.250      4.500      6.250      5.000      7.250      7.750      0.000      0.000      0.025      0.975      4.000
     2.500      5.000      7.000      7.750      4.250      4.000      0.075      0.000      0.000      0.925      4.000
     3.000      5.500      7.750      8.250      6.000      5.750      0.000      0.003      0.042      0.955      4.000
     1.750      5.000      6.250      6.500      7.000      7.500      0.000      0.000      0.083      0.917      4.000
     2.000      5.250      7.250      9.000      6.250      7.750      0.000      0.000      0.776      0.224      3.000
     1.250      3.000      6.500      6.750      6.250      7.250      0.000      0.000      0.014      0.986      4.000
     6.250      7.000      7.500      6.750      6.500      7.000      0.000      0.997      0.000      0.003      2.000
     1.750      5.750      4.000      5.000      4.250      4.250      0.977      0.000      0.000      0.023      1.000
     1.000      4.750      3.000      5.250      4.750      7.250      0.043      0.000      0.000      0.957      4.000
     6.000      5.250      5.250      5.500      6.500      6.250      0.000      0.202      0.000      0.798      4.000
     2.000      3.250      4.250      7.750      7.500      6.000      0.000      0.000      0.005      0.995      4.000
     3.500      3.750      7.000      7.000      7.750      7.500      0.000      0.009      0.524      0.467      3.000
     3.000      4.500      3.250      6.250      5.000      6.250      0.029      0.000      0.000      0.971      4.000
     1.000      2.250      2.250      5.500      7.000      6.500      0.007      0.000      0.000      0.993      4.000
     2.250      3.250      6.000      8.000      7.750      7.750      0.000      0.000      0.646      0.354      3.000
     1.500      2.250      4.000      4.500      7.000      6.250      0.009      0.000      0.000      0.991      4.000
     2.250      6.250      7.250      7.750      8.250      7.250      0.000      0.001      0.939      0.060      3.000
     1.500      8.000      6.250      8.250      7.750      8.500      0.000      0.000      0.984      0.016      3.000
     2.250      4.500      6.250      6.750      8.250      8.000      0.000      0.000      0.730      0.270      3.000
     7.000      7.250      7.000      7.750      8.250      8.250      0.000      1.000      0.000      0.000      2.000
     4.750      8.750      6.750      8.750      8.750      7.750      0.000      0.726      0.273      0.001      2.000
     1.250      4.000      1.000      2.500      3.750      4.250      1.000      0.000      0.000      0.000      1.000
     7.750      7.000      7.250      7.250      6.500      8.250      0.000      1.000      0.000      0.000      2.000
     1.750      5.250      6.000      8.250      9.750      8.500      0.000      0.000      0.999      0.001      3.000
     4.500      6.500      6.250      8.500      9.000      8.250      0.000      0.171      0.826      0.003      3.000
     1.250      6.250      4.250      7.000      7.000      5.000      0.000      0.000      0.000      0.999      4.000
     1.250      5.500      5.250      2.500      6.250      5.500      0.232      0.000      0.000      0.768      4.000
     4.500      5.250      8.000      6.000      8.500      7.750      0.000      0.448      0.499      0.053      3.000
     3.500      6.500      6.250      5.250      5.750      6.750      0.000      0.001      0.001      0.999      4.000
     3.500      5.250      5.500      5.750      5.750      5.750      0.002      0.000      0.000      0.998      4.000
     2.500      8.250      8.250      9.750      8.750      8.500      0.000      0.001      0.999      0.000      3.000
     2.250      3.500      6.000      5.500      7.750      7.750      0.000      0.000      0.064      0.936      4.000
     3.750      4.750      8.000      8.000      8.750      8.000      0.000      0.018      0.979      0.003      3.000
     2.000      3.750      2.500      5.000      5.500      4.500      0.940      0.000      0.000      0.060      1.000
     5.500      6.000      5.500      6.000      6.000      5.750      0.000      0.067      0.000      0.933      4.000
     3.750      5.750      4.250      5.500      6.500      7.250      0.000      0.000      0.001      0.999      4.000
     2.250      4.000      7.500      6.500      6.000      5.000      0.001      0.000      0.001      0.999      4.000
     3.250      7.000      5.250      7.000      7.750      8.250      0.000      0.010      0.597      0.393      3.000
     1.250      6.250      3.500      7.750      6.000      6.250      0.000      0.000      0.000      0.999      4.000
     2.750      5.000      4.000      4.250      4.750      5.000      0.888      0.000      0.000      0.112      1.000
     1.000      4.250      3.500      7.000      9.000      5.250      0.000      0.000      0.005      0.995      4.000
     3.000      6.250      3.000      5.500      5.250      5.750      0.071      0.000      0.000      0.929      4.000
     1.750      7.250      4.500      7.250      6.500      8.250      0.000      0.000      0.087      0.913      4.000
     1.500      7.000      7.250      6.250      6.250      7.250      0.000      0.000      0.059      0.941      4.000
     2.500      5.250      7.250      7.000      8.250      8.750      0.000      0.000      0.983      0.017      3.000
     1.250      2.250      6.250      4.750      5.750      7.750      0.000      0.000      0.001      0.999      4.000
     3.500      6.500      6.500      6.000      6.750      6.750      0.000      0.005      0.015      0.979      4.000
     1.000      8.750      3.500      5.000      7.500     10.000      0.000      0.000      0.252      0.748      4.000
     1.250      6.250      4.250      7.750      4.750      6.000      0.002      0.000      0.000      0.998      4.000
     3.500      6.750      7.000      7.750      8.250      7.750      0.000      0.034      0.936      0.029      3.000
     3.250      5.250      6.750      6.250      7.250      6.500      0.000      0.002      0.032      0.966      4.000
     4.250      7.250      7.250      6.750      7.500      7.750      0.000      0.507      0.373      0.120      2.000
     1.000      6.250      7.000      8.500      4.500      4.500      0.003      0.000      0.000      0.997      4.000
     1.500      4.000      4.500      5.250      6.000      4.500      0.310      0.000      0.000      0.690      4.000
     1.750      2.750      4.000      8.750      6.500      4.000      0.007      0.000      0.000      0.993      4.000
     2.750      4.000      4.250      5.000      5.000      5.000      0.665      0.000      0.000      0.335      1.000
     3.500      8.500      5.250      6.500      8.500      7.250      0.000      0.063      0.437      0.501      4.000
     1.750      4.500      1.750      4.000      3.250      4.500      1.000      0.000      0.000      0.000      1.000
     1.500      2.750      3.500      4.500      5.250      6.000      0.574      0.000      0.000      0.426      1.000
     1.500      6.250      5.250      6.500      7.000      8.250      0.000      0.000      0.136      0.864      4.000
     8.250      7.500      7.500      9.000      7.750      8.750      0.000      1.000      0.000      0.000      2.000
     1.250      1.500      2.250      1.750      5.250      5.750      0.999      0.000      0.000      0.001      1.000
     1.000      3.250      6.250      9.500      9.500      9.500      0.000      0.000      1.000      0.000      3.000
     2.250      5.500      7.750      7.000      7.750      5.750      0.000      0.001      0.183      0.816      4.000
     2.750      5.000      4.000      5.500      5.500      5.000      0.169      0.000      0.000      0.831      4.000
     2.750      4.250      5.750      6.500      8.000      8.750      0.000      0.000      0.695      0.304      3.000
     1.000      8.750      6.750      9.500     10.000      8.500      0.000      0.000      1.000      0.000      3.000
     2.250      5.000      6.000      7.000      7.000      7.000      0.000      0.000      0.051      0.949      4.000
     3.000      5.500      6.000      7.000      6.500      6.750      0.000      0.000      0.015      0.984      4.000
     8.750      7.750      8.250      7.250      9.000      8.000      0.000      1.000      0.000      0.000      2.000
     3.000      8.000      8.000      9.000      8.250      8.000      0.000      0.008      0.991      0.001      3.000
     1.750      6.000      5.500      7.500      7.000      7.750      0.000      0.000      0.235      0.765      4.000
     3.750      3.750      7.000      7.250      6.500      6.750      0.000      0.005      0.038      0.957      4.000
     2.750      4.750      6.500      7.000      6.000      7.000      0.000      0.000      0.013      0.987      4.000
     2.000      3.250      2.750      3.250      3.000      3.000      1.000      0.000      0.000      0.000      1.000
     3.750      2.500      7.250      3.500      8.000      5.000      0.001      0.000      0.000      0.998      4.000
     1.000      5.250      3.750      8.500     10.000      9.250      0.000      0.000      0.998      0.002      3.000
     1.000      7.250      3.250      8.250      4.750      4.250      0.097      0.000      0.000      0.903      4.000
     1.500      5.250      4.250      5.500      8.250      7.250      0.000      0.000      0.016      0.984      4.000
     2.500      6.500      3.250      5.500      6.250      7.500      0.000      0.000      0.000      1.000      4.000
     2.000      7.750      4.250      5.000      7.500      6.750      0.000      0.000      0.002      0.998      4.000
     1.500      2.750      5.500      5.750      3.750      6.000      0.510      0.000      0.000      0.490      1.000
     1.500      7.500      4.500      6.000      6.500      6.500      0.000      0.000      0.001      0.999      4.000
     1.500      3.750      6.500      9.250      5.500      7.500      0.000      0.000      0.165      0.835      4.000
     1.500      6.500      7.750      6.750      7.250      7.500      0.000      0.000      0.659      0.340      3.000
     2.250      3.250      3.750      4.500      4.000      5.250      0.987      0.000      0.000      0.013      1.000
     1.250      6.750      1.750      5.250      3.000      3.500      1.000      0.000      0.000      0.000      1.000
     6.500      7.500      8.000      7.500      7.500      7.750      0.000      0.999      0.001      0.000      2.000
     1.500      4.250      4.000      5.500      3.000      3.750      1.000      0.000      0.000      0.000      1.000
     1.750      3.750      4.500      4.000      6.000      6.000      0.084      0.000      0.000      0.916      4.000
     1.000      3.750      5.000      6.250      8.750      6.750      0.000      0.000      0.068      0.932      4.000
     3.250      6.250      6.500      6.250      6.250      5.750      0.000      0.000      0.001      0.998      4.000
     2.750      4.250      4.000      5.250      5.250      5.750      0.125      0.000      0.000      0.875      4.000
     2.000      5.500      4.750      6.750      8.000      6.500      0.000      0.000      0.028      0.972      4.000
     2.500      6.500      7.750      8.750      8.000      8.750      0.000      0.001      0.999      0.001      3.000
     3.500      7.250      5.750      7.750      7.000      7.500      0.000      0.032      0.333      0.635      4.000
     1.000      4.500      2.250      5.000      6.750      7.250      0.001      0.000      0.000      0.999      4.000
     2.000      6.000      4.250      4.750      5.500      6.750      0.005      0.000      0.000      0.995      4.000
     2.750      3.500      4.000      7.250      6.500      6.500      0.000      0.000      0.001      0.999      4.000
     7.000      8.500      8.750      8.750      8.000      8.000      0.000      1.000      0.000      0.000      2.000
     1.750      4.500      7.250      8.500      8.250      7.750      0.000      0.000      0.984      0.016      3.000
     1.750      6.000      2.000      7.000      5.500      6.000      0.011      0.000      0.000      0.989      4.000
     7.750      5.750      6.500      6.750      6.750      6.000      0.000      0.999      0.000      0.001      2.000
     2.250      6.500      9.250     10.000     10.000      9.750      0.000      0.000      1.000      0.000      3.000
     2.750      2.250      3.750      8.000      6.000      7.000      0.000      0.000      0.001      0.999      4.000
     3.000      6.000      6.750      7.750      9.250      8.500      0.000      0.001      0.996      0.002      3.000
     3.750      7.750      5.750      9.750      8.000      7.750      0.000      0.050      0.940      0.010      3.000
     1.750      7.000      4.000      6.750      6.500      8.250      0.000      0.000      0.024      0.976      4.000
     1.000      2.750      4.750      4.750      8.000      7.000      0.000      0.000      0.002      0.998      4.000
     1.000      3.250      3.000      7.250      7.000      6.750      0.000      0.000      0.001      0.999      4.000
     1.000      4.500      4.750      6.000      3.250      8.000      0.018      0.000      0.000      0.982      4.000
     2.500      4.250      8.000      8.750      8.000      8.000      0.000      0.000      0.994      0.006      3.000
     1.000      3.750      8.500     10.000      7.250      6.250      0.000      0.000      0.945      0.055      3.000
     2.000      5.500      4.000      6.000      7.750      8.250      0.000      0.000      0.055      0.945      4.000
     1.000      2.500      6.750      6.750      9.000      8.250      0.000      0.000      0.945      0.055      3.000
     1.250      4.000      6.250      6.500      6.500      6.750      0.000      0.000      0.007      0.993      4.000
     1.250      1.500      4.000      4.000      2.500      5.000      1.000      0.000      0.000      0.000      1.000
     2.500      8.250      8.250      9.500      7.500      9.000      0.000      0.001      0.999      0.000      3.000
     4.250      5.750      5.000      7.250      7.500      6.500      0.000      0.023      0.028      0.949      4.000
     1.000      4.500      6.250      5.250      5.750      7.750      0.000      0.000      0.002      0.998      4.000
     2.250      6.250      4.000      6.500      6.000      6.250      0.000      0.000      0.000      0.999      4.000
     4.250      4.250      3.500      6.000      6.250      4.500      0.080      0.000      0.000      0.920      4.000
     3.250      5.250      4.250      4.500      4.250      5.250      0.854      0.000      0.000      0.146      1.000
     1.500      1.500      2.000      3.000      4.750      3.250      1.000      0.000      0.000      0.000      1.000
     4.250      7.750      6.250      6.500      6.500      6.500      0.000      0.095      0.012      0.893      4.000
     2.000      4.750      4.750      2.000      3.750      4.000      1.000      0.000      0.000      0.000      1.000
     2.000      5.250      8.000      8.500      7.750      7.000      0.000      0.000      0.950      0.050      3.000
     2.500      5.250      4.750      7.500      7.250      6.500      0.000      0.000      0.017      0.983      4.000
     2.000      3.750      5.250      6.750      5.750      6.500      0.000      0.000      0.000      0.999      4.000
     3.000      5.500      6.250      6.500      6.500      6.750      0.000      0.000      0.011      0.989      4.000
     3.750      6.000      5.500      6.250      6.250      8.250      0.000      0.005      0.031      0.964      4.000
     2.000      3.500      5.500      6.000      5.500      5.000      0.061      0.000      0.000      0.939      4.000
     1.250      4.250      4.000      4.750      6.250      8.250      0.000      0.000      0.000      0.999      4.000
     5.000      3.750      4.750      4.000      5.000      5.750      0.365      0.000      0.000      0.635      4.000
     1.500      6.250      4.000      6.750      5.500      7.500      0.000      0.000      0.001      0.999      4.000
     5.750      1.750      5.500      3.750      3.500      3.250      1.000      0.000      0.000      0.000      1.000
     1.000      5.750      3.500      6.250      4.250      4.250      0.930      0.000      0.000      0.070      1.000
     2.750      4.000      4.000      8.250      5.750      6.000      0.000      0.000      0.000      0.999      4.000
     1.000      8.000      5.500      9.000      6.250      7.000      0.000      0.000      0.226      0.774      4.000
     4.250      4.750      6.500      7.750      6.750      7.750      0.000      0.098      0.317      0.585      4.000
     1.250      3.000      3.500      4.750      5.250      7.500      0.024      0.000      0.000      0.976      4.000
     3.500      4.250      5.500      5.500      6.000      6.000      0.002      0.000      0.000      0.998      4.000
     4.000      4.750      7.000      6.250      6.250      6.750      0.000      0.008      0.009      0.984      4.000
     3.750      6.500      5.750      5.500      2.750      4.750      0.936      0.000      0.000      0.064      1.000
     1.000      4.750      9.500      8.750      9.250      9.500      0.000      0.000      1.000      0.000      3.000
     2.250      4.000      7.250      6.750      7.000      7.500      0.000      0.000      0.228      0.772      4.000
     3.000      5.750      6.250      6.000      6.000      6.500      0.000      0.000      0.001      0.998      4.000
     5.750      5.500      7.000      7.750      7.250      7.750      0.000      0.972      0.021      0.007      2.000
     3.000      4.500      5.000      3.500      6.250      6.250      0.016      0.000      0.000      0.984      4.000
     2.000      4.750      4.750      7.000      8.000      7.500      0.000      0.000      0.154      0.846      4.000
     1.750      3.000      3.500      4.750      6.500      6.500      0.011      0.000      0.000      0.989      4.000
     2.500      4.500      7.500      8.500      6.000      8.750      0.000      0.001      0.870      0.129      3.000
     2.000      3.750      2.000      6.250      5.000      4.000      0.977      0.000      0.000      0.023      1.000
     3.500      6.750      7.000      6.250      8.000      8.250      0.000      0.046      0.825      0.129      3.000
     4.000      5.750      5.250      7.500      7.750      7.750      0.000      0.048      0.426      0.527      4.000
     1.500      2.750      1.750      2.250      2.500      2.750      1.000      0.000      0.000      0.000      1.000
     1.500      4.500      3.500      3.750      5.750      5.500      0.593      0.000      0.000      0.407      1.000
     2.000      6.500      7.500     10.000      9.500      9.000      0.000      0.000      1.000      0.000      3.000
     2.750      6.000      6.750      9.000      9.000      9.000      0.000      0.000      0.999      0.000      3.000
     2.500      4.500      4.250      4.250      5.250      3.750      0.981      0.000      0.000      0.019      1.000
     2.000      6.750      5.500      7.750      7.250      6.000      0.000      0.000      0.038      0.962      4.000
     1.000      2.000      2.000      5.250      4.250      7.000      0.781      0.000      0.000      0.219      1.000
     1.750      3.250      4.500      4.250      4.750      5.500      0.845      0.000      0.000      0.155      1.000
     3.000      5.000      8.250      6.500      6.500      8.750      0.000      0.006      0.760      0.233      3.000
     5.750      6.750      5.500      5.000      5.500      6.000      0.001      0.076      0.000      0.923      4.000
     1.250      3.750      2.250      5.750      4.500      5.500      0.893      0.000      0.000      0.107      1.000
     3.000      7.000      3.000      6.000      8.000      5.000      0.000      0.000      0.000      1.000      4.000
     1.500      3.000      5.500      6.250      6.500      6.750      0.000      0.000      0.001      0.998      4.000
     1.500      4.500      4.250      5.500      5.750      5.750      0.027      0.000      0.000      0.973      4.000
     3.250      2.750      5.000      4.500      3.750      5.250      0.976      0.000      0.000      0.024      1.000
     1.000      4.000      4.000      5.250      6.500      5.750      0.013      0.000      0.000      0.987      4.000
     3.000      3.750      7.500      8.000      9.000      9.000      0.000      0.000      0.999      0.001      3.000
     1.500      4.750      2.750      6.250      5.750      7.500      0.001      0.000      0.000      0.999      4.000
     2.500      5.500      2.750      6.750      6.250      7.250      0.000      0.000      0.000      1.000      4.000
     1.250      3.500      4.000      5.000      7.000      4.500      0.123      0.000      0.000      0.877      4.000
     2.750      6.500      4.500      4.750      6.500      6.750      0.000      0.000      0.000      1.000      4.000
     2.000      1.750      3.500      2.250      1.750      3.000      1.000      0.000      0.000      0.000      1.000
     1.750      3.500      6.000      7.500      6.000      6.250      0.000      0.000      0.003      0.997      4.000
     2.500      3.500      4.000      4.750      4.500      4.500      0.983      0.000      0.000      0.017      1.000
     1.000      4.250      4.750      7.750      8.250      8.000      0.000      0.000      0.630      0.370      3.000
     4.750      4.750      6.000      6.500      7.500      6.750      0.000      0.110      0.033      0.857      4.000
     1.000      1.000      4.250      3.500      7.250      8.000      0.001      0.000      0.000      0.999      4.000
     3.750      3.500      4.750      6.500      6.250      6.000      0.001      0.000      0.000      0.999      4.000
     1.000      5.750      5.500      6.250      6.000      6.750      0.000      0.000      0.001      0.999      4.000
     2.000      5.250      3.750      5.500      7.250      7.500      0.000      0.000      0.002      0.998      4.000
     2.500      5.500      6.000      4.500      7.000      5.750      0.000      0.000      0.000      0.999      4.000
     1.250      7.500      6.500      7.000      8.250      8.750      0.000      0.000      0.981      0.019      3.000
     3.000      8.000      3.500      7.500      7.250      5.250      0.000      0.000      0.001      0.999      4.000
     6.000      5.500      5.250      5.750      5.000      6.500      0.001      0.070      0.000      0.929      4.000
     3.500      7.500      6.750      6.750      7.000      6.000      0.000      0.022      0.032      0.946      4.000
     3.500      9.750      8.750      8.750      9.250      8.750      0.000      0.041      0.959      0.000      3.000
     1.500      3.500      6.500      6.250      7.750      7.250      0.000      0.000      0.125      0.875      4.000
     1.000      4.500      6.250      7.000      7.000      8.750      0.000      0.000      0.585      0.415      3.000
     3.500      3.500      6.250      3.500      6.500      6.750      0.001      0.000      0.000      0.999      4.000
     1.500      4.250      7.250      8.750      8.750      7.750      0.000      0.000      0.995      0.005      3.000
     2.000      7.000      4.750      7.750      7.250      7.750      0.000      0.000      0.280      0.720      4.000
     2.000      3.750      4.500      4.500      4.750      5.500      0.723      0.000      0.000      0.277      1.000
     3.750      7.000      6.750      7.250      6.500      6.750      0.000      0.051      0.073      0.876      4.000
     1.000      1.750      3.000      4.000      3.250      3.250      1.000      0.000      0.000      0.000      1.000
     2.250      4.750      3.250      3.500      3.750      3.500      1.000      0.000      0.000      0.000      1.000
     6.000      8.500      6.750      5.750      7.250      6.750      0.000      0.994      0.000      0.006      2.000
     2.000      4.750      6.000      7.500      7.000      7.000      0.000      0.000      0.090      0.910      4.000
     5.500      5.000      7.500      8.000      8.000      7.000      0.000      0.940      0.053      0.007      2.000
     1.750      3.000      5.500      6.250      5.500      7.000      0.001      0.000      0.000      0.999      4.000
     1.000      5.750      5.500      6.500      7.250      7.750      0.000      0.000      0.108      0.892      4.000
     2.500      4.250      2.500      4.500      3.250      3.750      1.000      0.000      0.000      0.000      1.000
     3.500      6.750      6.750      7.500      4.000      5.000      0.007      0.000      0.000      0.993      4.000
     3.750      5.000      5.000      5.250      6.000      5.750      0.004      0.000      0.000      0.996      4.000
     1.000      6.750     10.000      9.000     10.000      9.250      0.000      0.000      1.000      0.000      3.000
     5.000      6.750      7.500      8.000      6.750      5.750      0.000      0.862      0.016      0.122      2.000
     1.000      4.250      6.250      6.000      6.500      6.250      0.000      0.000      0.002      0.998      4.000
     3.750      6.250      8.750      9.000      9.500      9.250      0.000      0.007      0.993      0.000      3.000
     1.750      6.000      7.000      7.500      8.750      8.750      0.000      0.000      0.996      0.004      3.000
