     2.250      6.750      7.250      6.250      8.000      8.250      0.000      1.000      2.000
     2.500      4.750      4.500      7.000      7.750      8.250      0.011      0.989      2.000
     3.000      4.250      4.000      7.250      6.750      7.500      0.157      0.843      2.000
     2.500      5.500      6.000      5.250      6.500      7.000      0.206      0.794      2.000
     2.500      4.750      4.750      7.750      7.750      6.500      0.035      0.965      2.000
     1.000      1.000      2.750      3.750      4.250      3.500      1.000      0.000      1.000
     1.000      1.750      2.000      4.750      5.750      7.250      1.000      0.000      1.000
     5.500      6.750      7.250      7.250      8.000      8.250      0.000      1.000      2.000
     6.500      8.750      8.250      9.000      9.000      7.250      0.000      1.000      2.000
     2.250      5.500      8.000      5.750      5.000      8.750      0.007      0.993      2.000
     2.750      4.250      3.250      7.750      7.750      7.000      0.133      0.867      2.000
     1.000      1.000      1.000      1.250      4.250      2.000      1.000      0.000      1.000
     1.500      1.750      5.000      7.000      7.250      7.000      0.358      0.642      2.000
     1.250      4.000      7.750      8.250      8.750      9.250      0.000      1.000      2.000
     1.750      6.750      2.000      5.250      7.000      5.750      0.988      0.012      1.000
     4.250      5.750      5.750      6.000      5.500      7.250      0.149      0.851      2.000
     1.000      3.500      7.250      7.750      9.250      9.000      0.000      1.000      2.000
     1.750      2.500      2.250      4.250      7.750      7.750      0.984      0.016      1.000
     3.250      7.000      3.750      6.250      6.000      6.000      0.769      0.231      1.000
     2.500      7.250      5.000      6.750      5.750      6.250      0.283      0.717      2.000
     5.500      6.250      7.250      6.500      8.250      7.500      0.000      1.000      2.000
     1.500      3.250      5.500      8.500      7.500      9.000      0.001      0.999      2.000
     2.000      6.500      6.500      7.250      8.000      6.750      0.001      0.999      2.000
     3.500      3.250      6.000      6.500      6.500      7.500      0.071      0.929      2.000
     3.000      5.750      4.750      6.250      5.750      5.750      0.809      0.191      1.000
     1.750      3.500      6.000      7.250      8.000      8.000      0.003      0.997      2.000
     1.000      7.000      7.500      7.500      7.250      6.750      0.001      0.999      2.000
     5.250      6.750      8.500      8.250      8.500      9.250      0.000      1.000      2.000
     1.000      2.500      5.750      7.250      8.000      6.750      0.058      0.942      2.000
     1.000      7.500      7.000      6.500      4.250      6.250      0.304      0.696      2.000
     3.500      6.000      6.750      9.250      8.750      8.500      0.000      1.000      2.000
     2.250      4.500      6.250      5.000      7.250      7.750      0.062      0.938      2.000
     2.500      5.000      7.000      7.750      4.250      4.000      0.854      0.146      1.000
     3.000      5.500      7.750      8.250      6.000      5.750      0.006      0.994      2.000
     1.750      5.000      6.250      6.500      7.000      7.500      0.018      0.982      2.000
     2.000      5.250      7.250      9.000      6.250      7.750      0.000      1.000      2.000
     1.250      3.000      6.500      6.750      6.250      7.250      0.130      0.870      2.000
     6.250      7.000      7.500      6.750      6.500      7.000      0.001      0.999      2.000
     1.750      5.750      4.000      5.000      4.250      4.250      1.000      0.000      1.000
     1.000      4.750      3.000      5.250      4.750      7.250      0.996      0.004      1.000
     6.000      5.250      5.250      5.500      6.500      6.250      0.326      0.674      2.000
     2.000      3.250      4.250      7.750      7.500      6.000      0.362      0.638      2.000
     3.500      3.750      7.000      7.000      7.750      7.500      0.002      0.998      2.000
     3.000      4.500      3.250      6.250      5.000      6.250      0.988      0.012      1.000
     1.000      2.250      2.250      5.500      7.000      6.500      0.997      0.003      1.000
     2.250      3.250      6.000      8.000      7.750      7.750      0.002      0.998      2.000
     1.500      2.250      4.000      4.500      7.000      6.250      0.992      0.008      1.000
     2.250      6.250      7.250      7.750      8.250      7.250      0.000      1.000      2.000
     1.500      8.000      6.250      8.250      7.750      8.500      0.000      1.000      2.000
     2.250      4.500      6.250      6.750      8.250      8.000      0.001      0.999      2.000
     7.000      7.250      7.000      7.750      8.250      8.250      0.000      1.000      2.000
     4.750      8.750      6.750      8.750      8.750      7.750      0.000      1.000      2.000
     1.250      4.000      1.000      2.500      3.750      4.250      1.000      0.000      1.000
     7.750      7.000      7.250      7.250      6.500      8.250      0.000      1.000      2.000
     1.750      5.250      6.000      8.250      9.750      8.500      0.000      1.000      2.000
     4.500      6.500      6.250      8.500      9.000      8.250      0.000      1.000      2.000
     1.250      6.250      4.250      7.000      7.000      5.000      0.703      0.297      1.000
     1.250      5.500      5.250      2.500      6.250      5.500      0.997      0.003      1.000
     4.500      5.250      8.000      6.000      8.500      7.750      0.000      1.000      2.000
     3.500      6.500      6.250      5.250      5.750      6.750      0.216      0.784      2.000
     3.500      5.250      5.500      5.750      5.750      5.750      0.772      0.228      1.000
     2.500      8.250      8.250      9.750      8.750      8.500      0.000      1.000      2.000
     2.250      3.500      6.000      5.500      7.750      7.750      0.045      0.955      2.000
     3.750      4.750      8.000      8.000      8.750      8.000      0.000      1.000      2.000
     2.000      3.750      2.500      5.000      5.500      4.500      1.000      0.000      1.000
     5.500      6.000      5.500      6.000      6.000      5.750      0.359      0.641      2.000
     3.750      5.750      4.250      5.500      6.500      7.250      0.415      0.585      2.000
     2.250      4.000      7.500      6.500      6.000      5.000      0.409      0.591      2.000
     3.250      7.000      5.250      7.000      7.750      8.250      0.001      0.999      2.000
     1.250      6.250      3.500      7.750      6.000      6.250      0.620      0.380      1.000
     2.750      5.000      4.000      4.250      4.750      5.000      1.000      0.000      1.000
     1.000      4.250      3.500      7.000      9.000      5.250      0.530      0.470      1.000
     3.000      6.250      3.000      5.500      5.250      5.750      0.993      0.007      1.000
     1.750      7.250      4.500      7.250      6.500      8.250      0.012      0.988      2.000
     1.500      7.000      7.250      6.250      6.250      7.250      0.008      0.992      2.000
     2.500      5.250      7.250      7.000      8.250      8.750      0.000      1.000      2.000
     1.250      2.250      6.250      4.750      5.750      7.750      0.787      0.213      1.000
     3.500      6.500      6.500      6.000      6.750      6.750      0.021      0.979      2.000
     1.000      8.750      3.500      5.000      7.500     10.000      0.008      0.992      2.000
     1.250      6.250      4.250      7.750      4.750      6.000      0.822      0.178      1.000
     3.500      6.750      7.000      7.750      8.250      7.750      0.000      1.000      2.000
     3.250      5.250      6.750      6.250      7.250      6.500      0.019      0.981      2.000
     4.250      7.250      7.250      6.750      7.500      7.750      0.000      1.000      2.000
     1.000      6.250      7.000      8.500      4.500      4.500      0.396      0.604      2.000
     1.500      4.000      4.500      5.250      6.000      4.500      0.998      0.002      1.000
     1.750      2.750      4.000      8.750      6.500      4.000      0.954      0.046      1.000
     2.750      4.000      4.250      5.000      5.000      5.000      0.999      0.001      1.000
     3.500      8.500      5.250      6.500      8.500      7.250      0.001      0.999      2.000
     1.750      4.500      1.750      4.000      3.250      4.500      1.000      0.000      1.000
     1.500      2.750      3.500      4.500      5.250      6.000      1.000      0.000      1.000
     1.500      6.250      5.250      6.500      7.000      8.250      0.012      0.988      2.000
     8.250      7.500      7.500      9.000      7.750      8.750      0.000      1.000      2.000
     1.250      1.500      2.250      1.750      5.250      5.750      1.000      0.000      1.000
     1.000      3.250      6.250      9.500      9.500      9.500      0.000      1.000      2.000
     2.250      5.500      7.750      7.000      7.750      5.750      0.004      0.996      2.000
     2.750      5.000      4.000      5.500      5.500      5.000      0.995      0.005      1.000
     2.750      4.250      5.750      6.500      8.000      8.750      0.002      0.998      2.000
     1.000      8.750      6.750      9.500     10.000      8.500      0.000      1.000      2.000
     2.250      5.000      6.000      7.000      7.000      7.000      0.022      0.978      2.000
     3.000      5.500      6.000      7.000      6.500      6.750      0.034      0.966      2.000
     8.750      7.750      8.250      7.250      9.000      8.000      0.000      1.000      2.000
     3.000      8.000      8.000      9.000      8.250      8.000      0.000      1.000      2.000
     1.750      6.000      5.500      7.500      7.000      7.750      0.005      0.995      2.000
     3.750      3.750      7.000      7.250      6.500      6.750      0.016      0.984      2.000
     2.750      4.750      6.500      7.000      6.000      7.000      0.042      0.958      2.000
     2.000      3.250      2.750      3.250      3.000      3.000      1.000      0.000      1.000
     3.750      2.500      7.250      3.500      8.000      5.000      0.798      0.202      1.000
     1.000      5.250      3.750      8.500     10.000      9.250      0.000      1.000      2.000
     1.000      7.250      3.250      8.250      4.750      4.250      0.984      0.016      1.000
     1.500      5.250      4.250      5.500      8.250      7.250      0.171      0.829      2.000
     2.500      6.500      3.250      5.500      6.250      7.500      0.713      0.287      1.000
     2.000      7.750      4.250      5.000      7.500      6.750      0.277      0.723      2.000
     1.500      2.750      5.500      5.750      3.750      6.000      0.997      0.003      1.000
     1.500      7.500      4.500      6.000      6.500      6.500      0.376      0.624      2.000
     1.500      3.750      6.500      9.250      5.500      7.500      0.008      0.992      2.000
     1.500      6.500      7.750      6.750      7.250      7.500      0.001      0.999      2.000
     2.250      3.250      3.750      4.500      4.000      5.250      1.000      0.000      1.000
     1.250      6.750      1.750      5.250      3.000      3.500      1.000      0.000      1.000
     6.500      7.500      8.000      7.500      7.500      7.750      0.000      1.000      2.000
     1.500      4.250      4.000      5.500      3.000      3.750      1.000      0.000      1.000
     1.750      3.750      4.500      4.000      6.000      6.000      0.996      0.004      1.000
     1.000      3.750      5.000      6.250      8.750      6.750      0.087      0.913      2.000
     3.250      6.250      6.500      6.250      6.250      5.750      0.134      0.866      2.000
     2.750      4.250      4.000      5.250      5.250      5.750      0.995      0.005      1.000
     2.000      5.500      4.750      6.750      8.000      6.500      0.063      0.937      2.000
     2.500      6.500      7.750      8.750      8.000      8.750      0.000      1.000      2.000
     3.500      7.250      5.750      7.750      7.000      7.500      0.001      0.999      2.000
     1.000      4.500      2.250      5.000      6.750      7.250      0.986      0.014      1.000
     2.000      6.000      4.250      4.750      5.500      6.750      0.956      0.044      1.000
     2.750      3.500      4.000      7.250      6.500      6.500      0.643      0.357      1.000
     7.000      8.500      8.750      8.750      8.000      8.000      0.000      1.000      2.000
     1.750      4.500      7.250      8.500      8.250      7.750      0.000      1.000      2.000
     1.750      6.000      2.000      7.000      5.500      6.000      0.987      0.013      1.000
     7.750      5.750      6.500      6.750      6.750      6.000      0.008      0.992      2.000
     2.250      6.500      9.250     10.000     10.000      9.750      0.000      1.000      2.000
     2.750      2.250      3.750      8.000      6.000      7.000      0.671      0.329      1.000
     3.000      6.000      6.750      7.750      9.250      8.500      0.000      1.000      2.000
     3.750      7.750      5.750      9.750      8.000      7.750      0.000      1.000      2.000
     1.750      7.000      4.000      6.750      6.500      8.250      0.047      0.953      2.000
     1.000      2.750      4.750      4.750      8.000      7.000      0.746      0.254      1.000
     1.000      3.250      3.000      7.250      7.000      6.750      0.836      0.164      1.000
     1.000      4.500      4.750      6.000      3.250      8.000      0.968      0.032      1.000
     2.500      4.250      8.000      8.750      8.000      8.000      0.000      1.000      2.000
     1.000      3.750      8.500     10.000      7.250      6.250      0.000      1.000      2.000
     2.000      5.500      4.000      6.000      7.750      8.250      0.051      0.949      2.000
     1.000      2.500      6.750      6.750      9.000      8.250      0.001      0.999      2.000
     1.250      4.000      6.250      6.500      6.500      6.750      0.181      0.819      2.000
     1.250      1.500      4.000      4.000      2.500      5.000      1.000      0.000      1.000
     2.500      8.250      8.250      9.500      7.500      9.000      0.000      1.000      2.000
     4.250      5.750      5.000      7.250      7.500      6.500      0.019      0.981      2.000
     1.000      4.500      6.250      5.250      5.750      7.750      0.357      0.643      2.000
     2.250      6.250      4.000      6.500      6.000      6.250      0.737      0.263      1.000
     4.250      4.250      3.500      6.000      6.250      4.500      0.993      0.007      1.000
     3.250      5.250      4.250      4.500      4.250      5.250      0.999      0.001      1.000
     1.500      1.500      2.000      3.000      4.750      3.250      1.000      0.000      1.000
     4.250      7.750      6.250      6.500      6.500      6.500      0.011      0.989      2.000
     2.000      4.750      4.750      2.000      3.750      4.000      1.000      0.000      1.000
     2.000      5.250      8.000      8.500      7.750      7.000      0.000      1.000      2.000
     2.500      5.250      4.750      7.500      7.250      6.500      0.065      0.935      2.000
     2.000      3.750      5.250      6.750      5.750      6.500      0.669      0.331      1.000
     3.000      5.500      6.250      6.500      6.500      6.750      0.046      0.954      2.000
     3.750      6.000      5.500      6.250      6.250      8.250      0.016      0.984      2.000
     2.000      3.500      5.500      6.000      5.500      5.000      0.980      0.020      1.000
     1.250      4.250      4.000      4.750      6.250      8.250      0.836      0.164      1.000
     5.000      3.750      4.750      4.000      5.000      5.750      0.997      0.003      1.000
     1.500      6.250      4.000      6.750      5.500      7.500      0.477      0.523      2.000
     5.750      1.750      5.500      3.750      3.500      3.250      1.000      0.000      1.000
     1.000      5.750      3.500      6.250      4.250      4.250      1.000      0.000      1.000
     2.750      4.000      4.000      8.250      5.750      6.000      0.679      0.321      1.000
     1.000      8.000      5.500      9.000      6.250      7.000      0.003      0.997      2.000
     4.250      4.750      6.500      7.750      6.750      7.750      0.001      0.999      2.000
     1.250      3.000      3.500      4.750      5.250      7.500      0.996      0.004      1.000
     3.500      4.250      5.500      5.500      6.000      6.000      0.810      0.190      1.000
     4.000      4.750      7.000      6.250      6.250      6.750      0.037      0.963      2.000
     3.750      6.500      5.750      5.500      2.750      4.750      0.997      0.003      1.000
     1.000      4.750      9.500      8.750      9.250      9.500      0.000      1.000      2.000
     2.250      4.000      7.250      6.750      7.000      7.500      0.006      0.994      2.000
     3.000      5.750      6.250      6.000      6.000      6.500      0.173      0.827      2.000
     5.750      5.500      7.000      7.750      7.250      7.750      0.000      1.000      2.000
     3.000      4.500      5.000      3.500      6.250      6.250      0.980      0.020      1.000
     2.000      4.750      4.750      7.000      8.000      7.500      0.019      0.981      2.000
     1.750      3.000      3.500      4.750      6.500      6.500      0.993      0.007      1.000
     2.500      4.500      7.500      8.500      6.000      8.750      0.000      1.000      2.000
     2.000      3.750      2.000      6.250      5.000      4.000      1.000      0.000      1.000
     3.500      6.750      7.000      6.250      8.000      8.250      0.000      1.000      2.000
     4.000      5.750      5.250      7.500      7.750      7.750      0.001      0.999      2.000
     1.500      2.750      1.750      2.250      2.500      2.750      1.000      0.000      1.000
     1.500      4.500      3.500      3.750      5.750      5.500      1.000      0.000      1.000
     2.000      6.500      7.500     10.000      9.500      9.000      0.000      1.000      2.000
     2.750      6.000      6.750      9.000      9.000      9.000      0.000      1.000      2.000
     2.500      4.500      4.250      4.250      5.250      3.750      1.000      0.000      1.000
     2.000      6.750      5.500      7.750      7.250      6.000      0.019      0.981      2.000
     1.000      2.000      2.000      5.250      4.250      7.000      1.000      0.000      1.000
     1.750      3.250      4.500      4.250      4.750      5.500      1.000      0.000      1.000
     3.000      5.000      8.250      6.500      6.500      8.750      0.000      1.000      2.000
     5.750      6.750      5.500      5.000      5.500      6.000      0.604      0.396      1.000
     1.250      3.750      2.250      5.750      4.500      5.500      1.000      0.000      1.000
     3.000      7.000      3.000      6.000      8.000      5.000      0.786      0.214      1.000
     1.500      3.000      5.500      6.250      6.500      6.750      0.570      0.430      1.000
     1.500      4.500      4.250      5.500      5.750      5.750      0.987      0.013      1.000
     3.250      2.750      5.000      4.500      3.750      5.250      1.000      0.000      1.000
     1.000      4.000      4.000      5.250      6.500      5.750      0.988      0.012      1.000
     3.000      3.750      7.500      8.000      9.000      9.000      0.000      1.000      2.000
     1.500      4.750      2.750      6.250      5.750      7.500      0.938      0.062      1.000
     2.500      5.500      2.750      6.750      6.250      7.250      0.726      0.274      1.000
     1.250      3.500      4.000      5.000      7.000      4.500      0.998      0.002      1.000
     2.750      6.500      4.500      4.750      6.500      6.750      0.701      0.299      1.000
     2.000      1.750      3.500      2.250      1.750      3.000      1.000      0.000      1.000
     1.750      3.500      6.000      7.500      6.000      6.250      0.283      0.717      2.000
     2.500      3.500      4.000      4.750      4.500      4.500      1.000      0.000      1.000
     1.000      4.250      4.750      7.750      8.250      8.000      0.005      0.995      2.000
     4.750      4.750      6.000      6.500      7.500      6.750      0.015      0.985      2.000
     1.000      1.000      4.250      3.500      7.250      8.000      0.981      0.019      1.000
     3.750      3.500      4.750      6.500      6.250      6.000      0.773      0.227      1.000
     1.000      5.750      5.500      6.250      6.000      6.750      0.366      0.634      2.000
     2.000      5.250      3.750      5.500      7.250      7.500      0.468      0.532      2.000
     2.500      5.500      6.000      4.500      7.000      5.750      0.657      0.343      1.000
     1.250      7.500      6.500      7.000      8.250      8.750      0.000      1.000      2.000
     3.000      8.000      3.500      7.500      7.250      5.250      0.241      0.759      2.000
     6.000      5.500      5.250      5.750      5.000      6.500      0.613      0.387      1.000
     3.500      7.500      6.750      6.750      7.000      6.000      0.007      0.993      2.000
     3.500      9.750      8.750      8.750      9.250      8.750      0.000      1.000      2.000
     1.500      3.500      6.500      6.250      7.750      7.250      0.025      0.975      2.000
     1.000      4.500      6.250      7.000      7.000      8.750      0.003      0.997      2.000
     3.500      3.500      6.250      3.500      6.500      6.750      0.845      0.155      1.000
     1.500      4.250      7.250      8.750      8.750      7.750      0.000      1.000      2.000
     2.000      7.000      4.750      7.750      7.250      7.750      0.004      0.996      2.000
     2.000      3.750      4.500      4.500      4.750      5.500      0.999      0.001      1.000
     3.750      7.000      6.750      7.250      6.500      6.750      0.003      0.997      2.000
     1.000      1.750      3.000      4.000      3.250      3.250      1.000      0.000      1.000
     2.250      4.750      3.250      3.500      3.750      3.500      1.000      0.000      1.000
     6.000      8.500      6.750      5.750      7.250      6.750      0.001      0.999      2.000
     2.000      4.750      6.000      7.500      7.000      7.000      0.015      0.985      2.000
     5.500      5.000      7.500      8.000      8.000      7.000      0.000      1.000      2.000
     1.750      3.000      5.500      6.250      5.500      7.000      0.764      0.236      1.000
     1.000      5.750      5.500      6.500      7.250      7.750      0.020      0.980      2.000
     2.500      4.250      2.500      4.500      3.250      3.750      1.000      0.000      1.000
     3.500      6.750      6.750      7.500      4.000      5.000      0.479      0.521      2.000
     3.750      5.000      5.000      5.250      6.000      5.750      0.901      0.099      1.000
     1.000      6.750     10.000      9.000     10.000      9.250      0.000      1.000      2.000
     5.000      6.750      7.500      8.000      6.750      5.750      0.001      0.999      2.000
     1.000      4.250      6.250      6.000      6.500      6.250      0.435      0.565      2.000
     3.750      6.250      8.750      9.000      9.500      9.250      0.000      1.000      2.000
     1.750      6.000      7.000      7.500      8.750      8.750      0.000      1.000      2.000
