     2.250      6.750      7.250      6.250      8.000      8.250      0.000      0.000      0.680      0.001      0.319      3.000
     2.500      4.750      4.500      7.000      7.750      8.250      0.001      0.000      0.978      0.000      0.021      3.000
     3.000      4.250      4.000      7.250      6.750      7.500      0.028      0.000      0.971      0.000      0.000      3.000
     2.500      5.500      6.000      5.250      6.500      7.000      0.087      0.000      0.913      0.000      0.000      3.000
     2.500      4.750      4.750      7.750      7.750      6.500      0.009      0.000      0.987      0.000      0.004      3.000
     1.000      1.000      2.750      3.750      4.250      3.500      0.002      0.998      0.000      0.000      0.000      2.000
     1.000      1.750      2.000      4.750      5.750      7.250      0.958      0.000      0.041      0.000      0.000      1.000
     5.500      6.750      7.250      7.250      8.000      8.250      0.000      0.000      0.009      0.974      0.016      4.000
     6.500      8.750      8.250      9.000      9.000      7.250      0.000      0.000      0.000      0.999      0.001      4.000
     2.250      5.500      8.000      5.750      5.000      8.750      0.010      0.000      0.989      0.000      0.001      3.000
     2.750      4.250      3.250      7.750      7.750      7.000      0.013      0.000      0.985      0.000      0.002      3.000
     1.000      1.000      1.000      1.250      4.250      2.000      0.000      1.000      0.000      0.000      0.000      2.000
     1.500      1.750      5.000      7.000      7.250      7.000      0.030      0.000      0.970      0.000      0.001      3.000
     1.250      4.000      7.750      8.250      8.750      9.250      0.000      0.000      0.005      0.000      0.995      5.000
     1.750      6.750      2.000      5.250      7.000      5.750      0.861      0.000      0.139      0.000      0.000      1.000
     4.250      5.750      5.750      6.000      5.500      7.250      0.172      0.000      0.825      0.003      0.000      3.000
     1.000      3.500      7.250      7.750      9.250      9.000      0.000      0.000      0.010      0.000      0.990      5.000
     1.750      2.500      2.250      4.250      7.750      7.750      0.197      0.000      0.803      0.000      0.000      3.000
     3.250      7.000      3.750      6.250      6.000      6.000      0.699      0.000      0.301      0.000      0.000      1.000
     2.500      7.250      5.000      6.750      5.750      6.250      0.365      0.000      0.635      0.000      0.000      3.000
     5.500      6.250      7.250      6.500      8.250      7.500      0.000      0.000      0.028      0.966      0.006      4.000
     1.500      3.250      5.500      8.500      7.500      9.000      0.000      0.000      0.544      0.000      0.456      3.000
     2.000      6.500      6.500      7.250      8.000      6.750      0.001      0.000      0.941      0.000      0.058      3.000
     3.500      3.250      6.000      6.500      6.500      7.500      0.021      0.000      0.978      0.000      0.001      3.000
     3.000      5.750      4.750      6.250      5.750      5.750      0.778      0.000      0.222      0.000      0.000      1.000
     1.750      3.500      6.000      7.250      8.000      8.000      0.000      0.000      0.891      0.000      0.109      3.000
     1.000      7.000      7.500      7.500      7.250      6.750      0.001      0.000      0.939      0.000      0.060      3.000
     5.250      6.750      8.500      8.250      8.500      9.250      0.000      0.000      0.001      0.682      0.317      4.000
     1.000      2.500      5.750      7.250      8.000      6.750      0.005      0.000      0.988      0.000      0.008      3.000
     1.000      7.500      7.000      6.500      4.250      6.250      0.707      0.000      0.293      0.000      0.000      1.000
     3.500      6.000      6.750      9.250      8.750      8.500      0.000      0.000      0.007      0.004      0.989      5.000
     2.250      4.500      6.250      5.000      7.250      7.750      0.008      0.000      0.991      0.000      0.001      3.000
     2.500      5.000      7.000      7.750      4.250      4.000      0.985      0.000      0.014      0.000      0.000      1.000
     3.000      5.500      7.750      8.250      6.000      5.750      0.039      0.000      0.958      0.002      0.001      3.000
     1.750      5.000      6.250      6.500      7.000      7.500      0.005      0.000      0.991      0.000      0.004      3.000
     2.000      5.250      7.250      9.000      6.250      7.750      0.001      0.000      0.862      0.000      0.137      3.000
     1.250      3.000      6.500      6.750      6.250      7.250      0.035      0.000      0.965      0.000      0.000      3.000
     6.250      7.000      7.500      6.750      6.500      7.000      0.000      0.000      0.007      0.993      0.000      4.000
     1.750      5.750      4.000      5.000      4.250      4.250      0.881      0.119      0.000      0.000      0.000      1.000
     1.000      4.750      3.000      5.250      4.750      7.250      0.956      0.000      0.044      0.000      0.000      1.000
     6.000      5.250      5.250      5.500      6.500      6.250      0.242      0.000      0.567      0.191      0.000      3.000
     2.000      3.250      4.250      7.750      7.500      6.000      0.068      0.000      0.932      0.000      0.000      3.000
     3.500      3.750      7.000      7.000      7.750      7.500      0.001      0.000      0.939      0.005      0.055      3.000
     3.000      4.500      3.250      6.250      5.000      6.250      0.962      0.000      0.038      0.000      0.000      1.000
     1.000      2.250      2.250      5.500      7.000      6.500      0.769      0.000      0.231      0.000      0.000      1.000
     2.250      3.250      6.000      8.000      7.750      7.750      0.000      0.000      0.888      0.000      0.111      3.000
     1.500      2.250      4.000      4.500      7.000      6.250      0.744      0.000      0.256      0.000      0.000      1.000
     2.250      6.250      7.250      7.750      8.250      7.250      0.000      0.000      0.472      0.001      0.526      5.000
     1.500      8.000      6.250      8.250      7.750      8.500      0.000      0.000      0.183      0.000      0.817      5.000
     2.250      4.500      6.250      6.750      8.250      8.000      0.000      0.000      0.849      0.000      0.151      3.000
     7.000      7.250      7.000      7.750      8.250      8.250      0.000      0.000      0.000      1.000      0.000      4.000
     4.750      8.750      6.750      8.750      8.750      7.750      0.000      0.000      0.006      0.747      0.247      4.000
     1.250      4.000      1.000      2.500      3.750      4.250      0.001      0.999      0.000      0.000      0.000      2.000
     7.750      7.000      7.250      7.250      6.500      8.250      0.000      0.000      0.000      1.000      0.000      4.000
     1.750      5.250      6.000      8.250      9.750      8.500      0.000      0.000      0.009      0.000      0.991      5.000
     4.500      6.500      6.250      8.500      9.000      8.250      0.000      0.000      0.024      0.177      0.799      5.000
     1.250      6.250      4.250      7.000      7.000      5.000      0.507      0.000      0.493      0.000      0.000      1.000
     1.250      5.500      5.250      2.500      6.250      5.500      0.975      0.002      0.024      0.000      0.000      1.000
     4.500      5.250      8.000      6.000      8.500      7.750      0.000      0.000      0.327      0.514      0.159      4.000
     3.500      6.500      6.250      5.250      5.750      6.750      0.261      0.000      0.738      0.000      0.000      3.000
     3.500      5.250      5.500      5.750      5.750      5.750      0.762      0.000      0.238      0.000      0.000      1.000
     2.500      8.250      8.250      9.750      8.750      8.500      0.000      0.000      0.000      0.000      0.999      5.000
     2.250      3.500      6.000      5.500      7.750      7.750      0.003      0.000      0.993      0.000      0.003      3.000
     3.750      4.750      8.000      8.000      8.750      8.000      0.000      0.000      0.041      0.024      0.935      5.000
     2.000      3.750      2.500      5.000      5.500      4.500      0.955      0.044      0.001      0.000      0.000      1.000
     5.500      6.000      5.500      6.000      6.000      5.750      0.519      0.000      0.433      0.048      0.000      1.000
     3.750      5.750      4.250      5.500      6.500      7.250      0.146      0.000      0.854      0.000      0.000      3.000
     2.250      4.000      7.500      6.500      6.000      5.000      0.544      0.000      0.456      0.000      0.000      1.000
     3.250      7.000      5.250      7.000      7.750      8.250      0.000      0.000      0.906      0.006      0.088      3.000
     1.250      6.250      3.500      7.750      6.000      6.250      0.413      0.000      0.587      0.000      0.000      3.000
     2.750      5.000      4.000      4.250      4.750      5.000      0.974      0.025      0.001      0.000      0.000      1.000
     1.000      4.250      3.500      7.000      9.000      5.250      0.047      0.000      0.953      0.000      0.000      3.000
     3.000      6.250      3.000      5.500      5.250      5.750      0.983      0.000      0.017      0.000      0.000      1.000
     1.750      7.250      4.500      7.250      6.500      8.250      0.005      0.000      0.991      0.000      0.005      3.000
     1.500      7.000      7.250      6.250      6.250      7.250      0.012      0.000      0.986      0.000      0.002      3.000
     2.500      5.250      7.250      7.000      8.250      8.750      0.000      0.000      0.216      0.001      0.783      5.000
     1.250      2.250      6.250      4.750      5.750      7.750      0.228      0.000      0.772      0.000      0.000      3.000
     3.500      6.500      6.500      6.000      6.750      6.750      0.024      0.000      0.972      0.003      0.001      3.000
     1.000      8.750      3.500      5.000      7.500     10.000      0.000      0.000      0.981      0.000      0.018      3.000
     1.250      6.250      4.250      7.750      4.750      6.000      0.857      0.000      0.143      0.000      0.000      1.000
     3.500      6.750      7.000      7.750      8.250      7.750      0.000      0.000      0.291      0.055      0.654      5.000
     3.250      5.250      6.750      6.250      7.250      6.500      0.013      0.000      0.984      0.001      0.001      3.000
     4.250      7.250      7.250      6.750      7.500      7.750      0.000      0.000      0.474      0.457      0.068      3.000
     1.000      6.250      7.000      8.500      4.500      4.500      0.888      0.000      0.112      0.000      0.000      1.000
     1.500      4.000      4.500      5.250      6.000      4.500      0.988      0.002      0.011      0.000      0.000      1.000
     1.750      2.750      4.000      8.750      6.500      4.000      0.899      0.000      0.101      0.000      0.000      1.000
     2.750      4.000      4.250      5.000      5.000      5.000      0.991      0.006      0.003      0.000      0.000      1.000
     3.500      8.500      5.250      6.500      8.500      7.250      0.000      0.000      0.903      0.037      0.059      3.000
     1.750      4.500      1.750      4.000      3.250      4.500      0.014      0.986      0.000      0.000      0.000      2.000
     1.500      2.750      3.500      4.500      5.250      6.000      0.989      0.004      0.007      0.000      0.000      1.000
     1.500      6.250      5.250      6.500      7.000      8.250      0.002      0.000      0.990      0.000      0.008      3.000
     8.250      7.500      7.500      9.000      7.750      8.750      0.000      0.000      0.000      1.000      0.000      4.000
     1.250      1.500      2.250      1.750      5.250      5.750      0.135      0.865      0.000      0.000      0.000      2.000
     1.000      3.250      6.250      9.500      9.500      9.500      0.000      0.000      0.001      0.000      0.999      5.000
     2.250      5.500      7.750      7.000      7.750      5.750      0.005      0.000      0.983      0.000      0.011      3.000
     2.750      5.000      4.000      5.500      5.500      5.000      0.988      0.001      0.012      0.000      0.000      1.000
     2.750      4.250      5.750      6.500      8.000      8.750      0.000      0.000      0.879      0.000      0.121      3.000
     1.000      8.750      6.750      9.500     10.000      8.500      0.000      0.000      0.000      0.000      1.000      5.000
     2.250      5.000      6.000      7.000      7.000      7.000      0.010      0.000      0.988      0.000      0.003      3.000
     3.000      5.500      6.000      7.000      6.500      6.750      0.031      0.000      0.968      0.000      0.001      3.000
     8.750      7.750      8.250      7.250      9.000      8.000      0.000      0.000      0.000      1.000      0.000      4.000
     3.000      8.000      8.000      9.000      8.250      8.000      0.000      0.000      0.009      0.009      0.982      5.000
     1.750      6.000      5.500      7.500      7.000      7.750      0.002      0.000      0.981      0.000      0.017      3.000
     3.750      3.750      7.000      7.250      6.500      6.750      0.017      0.000      0.979      0.003      0.001      3.000
     2.750      4.750      6.500      7.000      6.000      7.000      0.041      0.000      0.959      0.000      0.000      3.000
     2.000      3.250      2.750      3.250      3.000      3.000      0.000      1.000      0.000      0.000      0.000      2.000
     3.750      2.500      7.250      3.500      8.000      5.000      0.371      0.000      0.629      0.000      0.000      3.000
     1.000      5.250      3.750      8.500     10.000      9.250      0.000      0.000      0.011      0.000      0.989      5.000
     1.000      7.250      3.250      8.250      4.750      4.250      0.993      0.000      0.007      0.000      0.000      1.000
     1.500      5.250      4.250      5.500      8.250      7.250      0.009      0.000      0.990      0.000      0.001      3.000
     2.500      6.500      3.250      5.500      6.250      7.500      0.261      0.000      0.739      0.000      0.000      3.000
     2.000      7.750      4.250      5.000      7.500      6.750      0.066      0.000      0.934      0.000      0.000      3.000
     1.500      2.750      5.500      5.750      3.750      6.000      0.991      0.003      0.006      0.000      0.000      1.000
     1.500      7.500      4.500      6.000      6.500      6.500      0.210      0.000      0.790      0.000      0.000      3.000
     1.500      3.750      6.500      9.250      5.500      7.500      0.009      0.000      0.983      0.000      0.008      3.000
     1.500      6.500      7.750      6.750      7.250      7.500      0.001      0.000      0.921      0.000      0.078      3.000
     2.250      3.250      3.750      4.500      4.000      5.250      0.800      0.199      0.000      0.000      0.000      1.000
     1.250      6.750      1.750      5.250      3.000      3.500      0.020      0.980      0.000      0.000      0.000      2.000
     6.500      7.500      8.000      7.500      7.500      7.750      0.000      0.000      0.000      1.000      0.000      4.000
     1.500      4.250      4.000      5.500      3.000      3.750      0.080      0.920      0.000      0.000      0.000      2.000
     1.750      3.750      4.500      4.000      6.000      6.000      0.952      0.000      0.047      0.000      0.000      1.000
     1.000      3.750      5.000      6.250      8.750      6.750      0.004      0.000      0.990      0.000      0.006      3.000
     3.250      6.250      6.500      6.250      6.250      5.750      0.235      0.000      0.765      0.000      0.000      3.000
     2.750      4.250      4.000      5.250      5.250      5.750      0.981      0.000      0.018      0.000      0.000      1.000
     2.000      5.500      4.750      6.750      8.000      6.500      0.011      0.000      0.987      0.000      0.002      3.000
     2.500      6.500      7.750      8.750      8.000      8.750      0.000      0.000      0.013      0.001      0.986      5.000
     3.500      7.250      5.750      7.750      7.000      7.500      0.001      0.000      0.955      0.017      0.027      3.000
     1.000      4.500      2.250      5.000      6.750      7.250      0.564      0.000      0.436      0.000      0.000      1.000
     2.000      6.000      4.250      4.750      5.500      6.750      0.838      0.000      0.162      0.000      0.000      1.000
     2.750      3.500      4.000      7.250      6.500      6.500      0.241      0.000      0.759      0.000      0.000      3.000
     7.000      8.500      8.750      8.750      8.000      8.000      0.000      0.000      0.000      1.000      0.000      4.000
     1.750      4.500      7.250      8.500      8.250      7.750      0.000      0.000      0.173      0.000      0.827      5.000
     1.750      6.000      2.000      7.000      5.500      6.000      0.945      0.000      0.055      0.000      0.000      1.000
     7.750      5.750      6.500      6.750      6.750      6.000      0.000      0.000      0.001      0.999      0.000      4.000
     2.250      6.500      9.250     10.000     10.000      9.750      0.000      0.000      0.000      0.000      1.000      5.000
     2.750      2.250      3.750      8.000      6.000      7.000      0.223      0.000      0.777      0.000      0.000      3.000
     3.000      6.000      6.750      7.750      9.250      8.500      0.000      0.000      0.021      0.001      0.978      5.000
     3.750      7.750      5.750      9.750      8.000      7.750      0.000      0.000      0.092      0.067      0.841      5.000
     1.750      7.000      4.000      6.750      6.500      8.250      0.011      0.000      0.988      0.000      0.001      3.000
     1.000      2.750      4.750      4.750      8.000      7.000      0.049      0.000      0.951      0.000      0.000      3.000
     1.000      3.250      3.000      7.250      7.000      6.750      0.177      0.000      0.823      0.000      0.000      3.000
     1.000      4.500      4.750      6.000      3.250      8.000      0.929      0.000      0.071      0.000      0.000      1.000
     2.500      4.250      8.000      8.750      8.000      8.000      0.000      0.000      0.074      0.000      0.925      5.000
     1.000      3.750      8.500     10.000      7.250      6.250      0.000      0.000      0.468      0.000      0.532      5.000
     2.000      5.500      4.000      6.000      7.750      8.250      0.003      0.000      0.994      0.000      0.004      3.000
     1.000      2.500      6.750      6.750      9.000      8.250      0.000      0.000      0.422      0.000      0.578      5.000
     1.250      4.000      6.250      6.500      6.500      6.750      0.061      0.000      0.939      0.000      0.000      3.000
     1.250      1.500      4.000      4.000      2.500      5.000      0.007      0.993      0.000      0.000      0.000      2.000
     2.500      8.250      8.250      9.500      7.500      9.000      0.000      0.000      0.003      0.001      0.996      5.000
     4.250      5.750      5.000      7.250      7.500      6.500      0.012      0.000      0.971      0.015      0.002      3.000
     1.000      4.500      6.250      5.250      5.750      7.750      0.105      0.000      0.895      0.000      0.000      3.000
     2.250      6.250      4.000      6.500      6.000      6.250      0.559      0.000      0.441      0.000      0.000      1.000
     4.250      4.250      3.500      6.000      6.250      4.500      0.981      0.000      0.018      0.000      0.000      1.000
     3.250      5.250      4.250      4.500      4.250      5.250      0.982      0.017      0.001      0.000      0.000      1.000
     1.500      1.500      2.000      3.000      4.750      3.250      0.001      0.999      0.000      0.000      0.000      2.000
     4.250      7.750      6.250      6.500      6.500      6.500      0.031      0.000      0.904      0.065      0.000      3.000
     2.000      4.750      4.750      2.000      3.750      4.000      0.008      0.992      0.000      0.000      0.000      2.000
     2.000      5.250      8.000      8.500      7.750      7.000      0.000      0.000      0.451      0.000      0.548      5.000
     2.500      5.250      4.750      7.500      7.250      6.500      0.024      0.000      0.975      0.000      0.001      3.000
     2.000      3.750      5.250      6.750      5.750      6.500      0.416      0.000      0.584      0.000      0.000      3.000
     3.000      5.500      6.250      6.500      6.500      6.750      0.039      0.000      0.961      0.000      0.000      3.000
     3.750      6.000      5.500      6.250      6.250      8.250      0.009      0.000      0.988      0.003      0.001      3.000
     2.000      3.500      5.500      6.000      5.500      5.000      0.962      0.000      0.038      0.000      0.000      1.000
     1.250      4.250      4.000      4.750      6.250      8.250      0.155      0.000      0.845      0.000      0.000      3.000
     5.000      3.750      4.750      4.000      5.000      5.750      0.991      0.002      0.008      0.000      0.000      1.000
     1.500      6.250      4.000      6.750      5.500      7.500      0.235      0.000      0.765      0.000      0.000      3.000
     5.750      1.750      5.500      3.750      3.500      3.250      0.013      0.987      0.000      0.000      0.000      2.000
     1.000      5.750      3.500      6.250      4.250      4.250      0.968      0.031      0.000      0.000      0.000      1.000
     2.750      4.000      4.000      8.250      5.750      6.000      0.536      0.000      0.464      0.000      0.000      1.000
     1.000      8.000      5.500      9.000      6.250      7.000      0.006      0.000      0.978      0.000      0.016      3.000
     4.250      4.750      6.500      7.750      6.750      7.750      0.001      0.000      0.927      0.050      0.022      3.000
     1.250      3.000      3.500      4.750      5.250      7.500      0.894      0.000      0.106      0.000      0.000      1.000
     3.500      4.250      5.500      5.500      6.000      6.000      0.671      0.000      0.329      0.000      0.000      1.000
     4.000      4.750      7.000      6.250      6.250      6.750      0.046      0.000      0.949      0.005      0.000      3.000
     3.750      6.500      5.750      5.500      2.750      4.750      0.963      0.037      0.000      0.000      0.000      1.000
     1.000      4.750      9.500      8.750      9.250      9.500      0.000      0.000      0.000      0.000      1.000      5.000
     2.250      4.000      7.250      6.750      7.000      7.500      0.002      0.000      0.986      0.000      0.012      3.000
     3.000      5.750      6.250      6.000      6.000      6.500      0.184      0.000      0.816      0.000      0.000      3.000
     5.750      5.500      7.000      7.750      7.250      7.750      0.000      0.000      0.029      0.966      0.004      4.000
     3.000      4.500      5.000      3.500      6.250      6.250      0.867      0.000      0.133      0.000      0.000      1.000
     2.000      4.750      4.750      7.000      8.000      7.500      0.002      0.000      0.985      0.000      0.013      3.000
     1.750      3.000      3.500      4.750      6.500      6.500      0.824      0.000      0.176      0.000      0.000      1.000
     2.500      4.500      7.500      8.500      6.000      8.750      0.000      0.000      0.798      0.001      0.201      3.000
     2.000      3.750      2.000      6.250      5.000      4.000      0.911      0.089      0.000      0.000      0.000      1.000
     3.500      6.750      7.000      6.250      8.000      8.250      0.000      0.000      0.714      0.048      0.238      3.000
     4.000      5.750      5.250      7.500      7.750      7.750      0.001      0.000      0.923      0.026      0.050      3.000
     1.500      2.750      1.750      2.250      2.500      2.750      0.000      1.000      0.000      0.000      0.000      2.000
     1.500      4.500      3.500      3.750      5.750      5.500      0.989      0.005      0.006      0.000      0.000      1.000
     2.000      6.500      7.500     10.000      9.500      9.000      0.000      0.000      0.000      0.000      1.000      5.000
     2.750      6.000      6.750      9.000      9.000      9.000      0.000      0.000      0.002      0.000      0.997      5.000
     2.500      4.500      4.250      4.250      5.250      3.750      0.821      0.179      0.000      0.000      0.000      1.000
     2.000      6.750      5.500      7.750      7.250      6.000      0.019      0.000      0.979      0.000      0.002      3.000
     1.000      2.000      2.000      5.250      4.250      7.000      0.989      0.008      0.003      0.000      0.000      1.000
     1.750      3.250      4.500      4.250      4.750      5.500      0.977      0.021      0.002      0.000      0.000      1.000
     3.000      5.000      8.250      6.500      6.500      8.750      0.000      0.000      0.906      0.005      0.089      3.000
     5.750      6.750      5.500      5.000      5.500      6.000      0.764      0.000      0.204      0.032      0.000      1.000
     1.250      3.750      2.250      5.750      4.500      5.500      0.981      0.018      0.001      0.000      0.000      1.000
     3.000      7.000      3.000      6.000      8.000      5.000      0.433      0.000      0.567      0.000      0.000      3.000
     1.500      3.000      5.500      6.250      6.500      6.750      0.152      0.000      0.848      0.000      0.000      3.000
     1.500      4.500      4.250      5.500      5.750      5.750      0.935      0.000      0.064      0.000      0.000      1.000
     3.250      2.750      5.000      4.500      3.750      5.250      0.871      0.129      0.000      0.000      0.000      1.000
     1.000      4.000      4.000      5.250      6.500      5.750      0.865      0.000      0.135      0.000      0.000      1.000
     3.000      3.750      7.500      8.000      9.000      9.000      0.000      0.000      0.010      0.000      0.990      5.000
     1.500      4.750      2.750      6.250      5.750      7.500      0.529      0.000      0.471      0.000      0.000      1.000
     2.500      5.500      2.750      6.750      6.250      7.250      0.263      0.000      0.737      0.000      0.000      3.000
     1.250      3.500      4.000      5.000      7.000      4.500      0.968      0.001      0.031      0.000      0.000      1.000
     2.750      6.500      4.500      4.750      6.500      6.750      0.363      0.000      0.637      0.000      0.000      3.000
     2.000      1.750      3.500      2.250      1.750      3.000      0.000      1.000      0.000      0.000      0.000      2.000
     1.750      3.500      6.000      7.500      6.000      6.250      0.180      0.000      0.820      0.000      0.000      3.000
     2.500      3.500      4.000      4.750      4.500      4.500      0.831      0.169      0.000      0.000      0.000      1.000
     1.000      4.250      4.750      7.750      8.250      8.000      0.000      0.000      0.867      0.000      0.133      3.000
     4.750      4.750      6.000      6.500      7.500      6.750      0.008      0.000      0.924      0.067      0.002      3.000
     1.000      1.000      4.250      3.500      7.250      8.000      0.187      0.000      0.813      0.000      0.000      3.000
     3.750      3.500      4.750      6.500      6.250      6.000      0.539      0.000      0.461      0.000      0.000      1.000
     1.000      5.750      5.500      6.250      6.000      6.750      0.197      0.000      0.803      0.000      0.000      3.000
     2.000      5.250      3.750      5.500      7.250      7.500      0.050      0.000      0.950      0.000      0.000      3.000
     2.500      5.500      6.000      4.500      7.000      5.750      0.386      0.000      0.614      0.000      0.000      3.000
     1.250      7.500      6.500      7.000      8.250      8.750      0.000      0.000      0.217      0.000      0.783      5.000
     3.000      8.000      3.500      7.500      7.250      5.250      0.227      0.000      0.772      0.000      0.000      3.000
     6.000      5.500      5.250      5.750      5.000      6.500      0.746      0.000      0.224      0.029      0.000      1.000
     3.500      7.500      6.750      6.750      7.000      6.000      0.019      0.000      0.966      0.014      0.001      3.000
     3.500      9.750      8.750      8.750      9.250      8.750      0.000      0.000      0.000      0.015      0.984      5.000
     1.500      3.500      6.500      6.250      7.750      7.250      0.003      0.000      0.990      0.000      0.007      3.000
     1.000      4.500      6.250      7.000      7.000      8.750      0.000      0.000      0.937      0.000      0.063      3.000
     3.500      3.500      6.250      3.500      6.500      6.750      0.439      0.000      0.561      0.000      0.000      3.000
     1.500      4.250      7.250      8.750      8.750      7.750      0.000      0.000      0.049      0.000      0.951      5.000
     2.000      7.000      4.750      7.750      7.250      7.750      0.001      0.000      0.973      0.000      0.025      3.000
     2.000      3.750      4.500      4.500      4.750      5.500      0.988      0.009      0.003      0.000      0.000      1.000
     3.750      7.000      6.750      7.250      6.500      6.750      0.009      0.000      0.961      0.027      0.003      3.000
     1.000      1.750      3.000      4.000      3.250      3.250      0.000      1.000      0.000      0.000      0.000      2.000
     2.250      4.750      3.250      3.500      3.750      3.500      0.009      0.991      0.000      0.000      0.000      2.000
     6.000      8.500      6.750      5.750      7.250      6.750      0.000      0.000      0.012      0.988      0.000      4.000
     2.000      4.750      6.000      7.500      7.000      7.000      0.007      0.000      0.988      0.000      0.005      3.000
     5.500      5.000      7.500      8.000      8.000      7.000      0.000      0.000      0.033      0.953      0.014      4.000
     1.750      3.000      5.500      6.250      5.500      7.000      0.417      0.000      0.583      0.000      0.000      3.000
     1.000      5.750      5.500      6.500      7.250      7.750      0.003      0.000      0.990      0.000      0.006      3.000
     2.500      4.250      2.500      4.500      3.250      3.750      0.011      0.989      0.000      0.000      0.000      2.000
     3.500      6.750      6.750      7.500      4.000      5.000      0.947      0.000      0.053      0.000      0.000      1.000
     3.750      5.000      5.000      5.250      6.000      5.750      0.827      0.000      0.173      0.000      0.000      1.000
     1.000      6.750     10.000      9.000     10.000      9.250      0.000      0.000      0.000      0.000      1.000      5.000
     5.000      6.750      7.500      8.000      6.750      5.750      0.002      0.000      0.220      0.777      0.001      4.000
     1.000      4.250      6.250      6.000      6.500      6.250      0.184      0.000      0.815      0.000      0.000      3.000
     3.750      6.250      8.750      9.000      9.500      9.250      0.000      0.000      0.000      0.002      0.998      5.000
     1.750      6.000      7.000      7.500      8.750      8.750      0.000      0.000      0.041      0.000      0.959      5.000
