     2.250      6.750      7.250      6.250      8.000      8.250      0.000      0.000      0.000      0.734      0.265      0.001      4.000
     2.500      4.750      4.500      7.000      7.750      8.250      0.000      0.001      0.000      0.983      0.016      0.000      4.000
     3.000      4.250      4.000      7.250      6.750      7.500      0.000      0.006      0.006      0.987      0.000      0.000      4.000
     2.500      5.500      6.000      5.250      6.500      7.000      0.000      0.008      0.040      0.952      0.000      0.000      4.000
     2.500      4.750      4.750      7.750      7.750      6.500      0.000      0.000      0.002      0.995      0.002      0.000      4.000
     1.000      1.000      2.750      3.750      4.250      3.500      0.998      0.000      0.002      0.000      0.000      0.000      1.000
     1.000      1.750      2.000      4.750      5.750      7.250      0.000      0.993      0.007      0.001      0.000      0.000      2.000
     5.500      6.750      7.250      7.250      8.000      8.250      0.000      0.000      0.000      0.008      0.010      0.983      6.000
     6.500      8.750      8.250      9.000      9.000      7.250      0.000      0.000      0.000      0.000      0.000      1.000      6.000
     2.250      5.500      8.000      5.750      5.000      8.750      0.000      0.001      0.002      0.995      0.002      0.000      4.000
     2.750      4.250      3.250      7.750      7.750      7.000      0.000      0.004      0.003      0.993      0.001      0.000      4.000
     1.000      1.000      1.000      1.250      4.250      2.000      1.000      0.000      0.000      0.000      0.000      0.000      1.000
     1.500      1.750      5.000      7.000      7.250      7.000      0.000      0.054      0.008      0.937      0.001      0.000      4.000
     1.250      4.000      7.750      8.250      8.750      9.250      0.000      0.000      0.000      0.003      0.997      0.000      5.000
     1.750      6.750      2.000      5.250      7.000      5.750      0.000      0.205      0.659      0.136      0.000      0.000      3.000
     4.250      5.750      5.750      6.000      5.500      7.250      0.000      0.002      0.101      0.892      0.000      0.006      4.000
     1.000      3.500      7.250      7.750      9.250      9.000      0.000      0.000      0.000      0.008      0.992      0.000      5.000
     1.750      2.500      2.250      4.250      7.750      7.750      0.000      0.985      0.001      0.014      0.000      0.000      2.000
     3.250      7.000      3.750      6.250      6.000      6.000      0.000      0.004      0.661      0.334      0.000      0.000      3.000
     2.500      7.250      5.000      6.750      5.750      6.250      0.000      0.001      0.256      0.743      0.000      0.000      4.000
     5.500      6.250      7.250      6.500      8.250      7.500      0.000      0.000      0.000      0.023      0.003      0.974      6.000
     1.500      3.250      5.500      8.500      7.500      9.000      0.000      0.000      0.000      0.441      0.559      0.000      5.000
     2.000      6.500      6.500      7.250      8.000      6.750      0.000      0.000      0.000      0.972      0.028      0.000      4.000
     3.500      3.250      6.000      6.500      6.500      7.500      0.000      0.003      0.007      0.989      0.001      0.000      4.000
     3.000      5.750      4.750      6.250      5.750      5.750      0.000      0.004      0.798      0.199      0.000      0.000      3.000
     1.750      3.500      6.000      7.250      8.000      8.000      0.000      0.000      0.000      0.888      0.111      0.000      4.000
     1.000      7.000      7.500      7.500      7.250      6.750      0.000      0.000      0.000      0.964      0.036      0.000      4.000
     5.250      6.750      8.500      8.250      8.500      9.250      0.000      0.000      0.000      0.001      0.309      0.691      6.000
     1.000      2.500      5.750      7.250      8.000      6.750      0.000      0.004      0.001      0.989      0.006      0.000      4.000
     1.000      7.500      7.000      6.500      4.250      6.250      0.000      0.001      0.649      0.350      0.000      0.000      3.000
     3.500      6.000      6.750      9.250      8.750      8.500      0.000      0.000      0.000      0.009      0.986      0.005      5.000
     2.250      4.500      6.250      5.000      7.250      7.750      0.000      0.009      0.002      0.988      0.001      0.000      4.000
     2.500      5.000      7.000      7.750      4.250      4.000      0.000      0.000      0.997      0.003      0.000      0.000      3.000
     3.000      5.500      7.750      8.250      6.000      5.750      0.000      0.000      0.026      0.971      0.001      0.002      4.000
     1.750      5.000      6.250      6.500      7.000      7.500      0.000      0.001      0.001      0.995      0.003      0.000      4.000
     2.000      5.250      7.250      9.000      6.250      7.750      0.000      0.000      0.000      0.841      0.158      0.000      4.000
     1.250      3.000      6.500      6.750      6.250      7.250      0.000      0.011      0.010      0.979      0.001      0.000      4.000
     6.250      7.000      7.500      6.750      6.500      7.000      0.000      0.000      0.000      0.004      0.000      0.996      6.000
     1.750      5.750      4.000      5.000      4.250      4.250      0.032      0.001      0.968      0.000      0.000      0.000      3.000
     1.000      4.750      3.000      5.250      4.750      7.250      0.000      0.723      0.256      0.021      0.000      0.000      2.000
     6.000      5.250      5.250      5.500      6.500      6.250      0.000      0.001      0.240      0.463      0.000      0.296      4.000
     2.000      3.250      4.250      7.750      7.500      6.000      0.000      0.008      0.029      0.963      0.000      0.000      4.000
     3.500      3.750      7.000      7.000      7.750      7.500      0.000      0.000      0.000      0.940      0.053      0.007      4.000
     3.000      4.500      3.250      6.250      5.000      6.250      0.000      0.034      0.934      0.032      0.000      0.000      3.000
     1.000      2.250      2.250      5.500      7.000      6.500      0.000      0.961      0.025      0.014      0.000      0.000      2.000
     2.250      3.250      6.000      8.000      7.750      7.750      0.000      0.000      0.000      0.886      0.113      0.000      4.000
     1.500      2.250      4.000      4.500      7.000      6.250      0.000      0.869      0.094      0.038      0.000      0.000      2.000
     2.250      6.250      7.250      7.750      8.250      7.250      0.000      0.000      0.000      0.602      0.397      0.001      4.000
     1.500      8.000      6.250      8.250      7.750      8.500      0.000      0.000      0.000      0.254      0.745      0.000      5.000
     2.250      4.500      6.250      6.750      8.250      8.000      0.000      0.000      0.000      0.869      0.131      0.000      4.000
     7.000      7.250      7.000      7.750      8.250      8.250      0.000      0.000      0.000      0.000      0.000      1.000      6.000
     4.750      8.750      6.750      8.750      8.750      7.750      0.000      0.000      0.000      0.010      0.151      0.840      6.000
     1.250      4.000      1.000      2.500      3.750      4.250      0.999      0.000      0.001      0.000      0.000      0.000      1.000
     7.750      7.000      7.250      7.250      6.500      8.250      0.000      0.000      0.000      0.000      0.000      1.000      6.000
     1.750      5.250      6.000      8.250      9.750      8.500      0.000      0.000      0.000      0.014      0.986      0.000      5.000
     4.500      6.500      6.250      8.500      9.000      8.250      0.000      0.000      0.000      0.039      0.710      0.252      5.000
     1.250      6.250      4.250      7.000      7.000      5.000      0.000      0.004      0.461      0.535      0.000      0.000      4.000
     1.250      5.500      5.250      2.500      6.250      5.500      0.000      0.204      0.787      0.009      0.000      0.000      3.000
     4.500      5.250      8.000      6.000      8.500      7.750      0.000      0.000      0.000      0.299      0.113      0.588      6.000
     3.500      6.500      6.250      5.250      5.750      6.750      0.000      0.002      0.200      0.797      0.000      0.001      4.000
     3.500      5.250      5.500      5.750      5.750      5.750      0.000      0.003      0.817      0.180      0.000      0.000      3.000
     2.500      8.250      8.250      9.750      8.750      8.500      0.000      0.000      0.000      0.000      0.999      0.000      5.000
     2.250      3.500      6.000      5.500      7.750      7.750      0.000      0.008      0.001      0.988      0.003      0.000      4.000
     3.750      4.750      8.000      8.000      8.750      8.000      0.000      0.000      0.000      0.045      0.926      0.029      5.000
     2.000      3.750      2.500      5.000      5.500      4.500      0.017      0.024      0.959      0.000      0.000      0.000      3.000
     5.500      6.000      5.500      6.000      6.000      5.750      0.000      0.000      0.613      0.325      0.000      0.062      3.000
     3.750      5.750      4.250      5.500      6.500      7.250      0.000      0.017      0.066      0.917      0.000      0.000      4.000
     2.250      4.000      7.500      6.500      6.000      5.000      0.000      0.001      0.665      0.334      0.000      0.000      3.000
     3.250      7.000      5.250      7.000      7.750      8.250      0.000      0.000      0.000      0.940      0.053      0.006      4.000
     1.250      6.250      3.500      7.750      6.000      6.250      0.000      0.010      0.220      0.770      0.000      0.000      4.000
     2.750      5.000      4.000      4.250      4.750      5.000      0.006      0.005      0.989      0.000      0.000      0.000      3.000
     1.000      4.250      3.500      7.000      9.000      5.250      0.000      0.018      0.020      0.962      0.000      0.000      4.000
     3.000      6.250      3.000      5.500      5.250      5.750      0.000      0.010      0.979      0.011      0.000      0.000      3.000
     1.750      7.250      4.500      7.250      6.500      8.250      0.000      0.000      0.000      0.996      0.003      0.000      4.000
     1.500      7.000      7.250      6.250      6.250      7.250      0.000      0.000      0.003      0.995      0.002      0.000      4.000
     2.500      5.250      7.250      7.000      8.250      8.750      0.000      0.000      0.000      0.204      0.795      0.001      5.000
     1.250      2.250      6.250      4.750      5.750      7.750      0.000      0.599      0.041      0.360      0.000      0.000      2.000
     3.500      6.500      6.500      6.000      6.750      6.750      0.000      0.000      0.011      0.985      0.000      0.004      4.000
     1.000      8.750      3.500      5.000      7.500     10.000      0.000      0.008      0.000      0.979      0.012      0.000      4.000
     1.250      6.250      4.250      7.750      4.750      6.000      0.000      0.004      0.805      0.191      0.000      0.000      3.000
     3.500      6.750      7.000      7.750      8.250      7.750      0.000      0.000      0.000      0.398      0.532      0.069      5.000
     3.250      5.250      6.750      6.250      7.250      6.500      0.000      0.000      0.006      0.991      0.001      0.002      4.000
     4.250      7.250      7.250      6.750      7.500      7.750      0.000      0.000      0.000      0.464      0.042      0.494      6.000
     1.000      6.250      7.000      8.500      4.500      4.500      0.000      0.000      0.931      0.069      0.000      0.000      3.000
     1.500      4.000      4.500      5.250      6.000      4.500      0.000      0.012      0.984      0.004      0.000      0.000      3.000
     1.750      2.750      4.000      8.750      6.500      4.000      0.000      0.001      0.942      0.056      0.000      0.000      3.000
     2.750      4.000      4.250      5.000      5.000      5.000      0.001      0.006      0.992      0.001      0.000      0.000      3.000
     3.500      8.500      5.250      6.500      8.500      7.250      0.000      0.000      0.000      0.952      0.019      0.029      4.000
     1.750      4.500      1.750      4.000      3.250      4.500      0.975      0.000      0.024      0.000      0.000      0.000      1.000
     1.500      2.750      3.500      4.500      5.250      6.000      0.001      0.494      0.504      0.002      0.000      0.000      3.000
     1.500      6.250      5.250      6.500      7.000      8.250      0.000      0.001      0.000      0.993      0.006      0.000      4.000
     8.250      7.500      7.500      9.000      7.750      8.750      0.000      0.000      0.000      0.000      0.000      1.000      6.000
     1.250      1.500      2.250      1.750      5.250      5.750      0.197      0.773      0.030      0.000      0.000      0.000      2.000
     1.000      3.250      6.250      9.500      9.500      9.500      0.000      0.000      0.000      0.000      1.000      0.000      5.000
     2.250      5.500      7.750      7.000      7.750      5.750      0.000      0.000      0.002      0.992      0.006      0.000      4.000
     2.750      5.000      4.000      5.500      5.500      5.000      0.000      0.004      0.991      0.005      0.000      0.000      3.000
     2.750      4.250      5.750      6.500      8.000      8.750      0.000      0.000      0.000      0.871      0.128      0.000      4.000
     1.000      8.750      6.750      9.500     10.000      8.500      0.000      0.000      0.000      0.000      1.000      0.000      5.000
     2.250      5.000      6.000      7.000      7.000      7.000      0.000      0.000      0.003      0.995      0.002      0.000      4.000
     3.000      5.500      6.000      7.000      6.500      6.750      0.000      0.000      0.012      0.987      0.000      0.000      4.000
     8.750      7.750      8.250      7.250      9.000      8.000      0.000      0.000      0.000      0.000      0.000      1.000      6.000
     3.000      8.000      8.000      9.000      8.250      8.000      0.000      0.000      0.000      0.015      0.975      0.010      5.000
     1.750      6.000      5.500      7.500      7.000      7.750      0.000      0.000      0.000      0.987      0.012      0.000      4.000
     3.750      3.750      7.000      7.250      6.500      6.750      0.000      0.000      0.008      0.986      0.001      0.005      4.000
     2.750      4.750      6.500      7.000      6.000      7.000      0.000      0.001      0.016      0.983      0.000      0.000      4.000
     2.000      3.250      2.750      3.250      3.000      3.000      1.000      0.000      0.000      0.000      0.000      0.000      1.000
     3.750      2.500      7.250      3.500      8.000      5.000      0.000      0.028      0.576      0.395      0.000      0.000      3.000
     1.000      5.250      3.750      8.500     10.000      9.250      0.000      0.000      0.000      0.017      0.983      0.000      5.000
     1.000      7.250      3.250      8.250      4.750      4.250      0.000      0.000      0.996      0.003      0.000      0.000      3.000
     1.500      5.250      4.250      5.500      8.250      7.250      0.000      0.025      0.002      0.973      0.001      0.000      4.000
     2.500      6.500      3.250      5.500      6.250      7.500      0.000      0.107      0.087      0.806      0.000      0.000      4.000
     2.000      7.750      4.250      5.000      7.500      6.750      0.000      0.010      0.022      0.967      0.000      0.000      4.000
     1.500      2.750      5.500      5.750      3.750      6.000      0.001      0.024      0.972      0.003      0.000      0.000      3.000
     1.500      7.500      4.500      6.000      6.500      6.500      0.000      0.008      0.096      0.897      0.000      0.000      4.000
     1.500      3.750      6.500      9.250      5.500      7.500      0.000      0.000      0.002      0.987      0.012      0.000      4.000
     1.500      6.500      7.750      6.750      7.250      7.500      0.000      0.000      0.000      0.936      0.063      0.000      4.000
     2.250      3.250      3.750      4.500      4.000      5.250      0.072      0.017      0.911      0.000      0.000      0.000      3.000
     1.250      6.750      1.750      5.250      3.000      3.500      0.956      0.000      0.044      0.000      0.000      0.000      1.000
     6.500      7.500      8.000      7.500      7.500      7.750      0.000      0.000      0.000      0.000      0.000      1.000      6.000
     1.500      4.250      4.000      5.500      3.000      3.750      0.788      0.000      0.212      0.000      0.000      0.000      1.000
     1.750      3.750      4.500      4.000      6.000      6.000      0.000      0.380      0.599      0.021      0.000      0.000      3.000
     1.000      3.750      5.000      6.250      8.750      6.750      0.000      0.009      0.001      0.987      0.003      0.000      4.000
     3.250      6.250      6.500      6.250      6.250      5.750      0.000      0.000      0.227      0.772      0.000      0.001      4.000
     2.750      4.250      4.000      5.250      5.250      5.750      0.000      0.029      0.961      0.010      0.000      0.000      3.000
     2.000      5.500      4.750      6.750      8.000      6.500      0.000      0.001      0.003      0.995      0.001      0.000      4.000
     2.500      6.500      7.750      8.750      8.000      8.750      0.000      0.000      0.000      0.013      0.986      0.001      5.000
     3.500      7.250      5.750      7.750      7.000      7.500      0.000      0.000      0.000      0.967      0.015      0.018      4.000
     1.000      4.500      2.250      5.000      6.750      7.250      0.000      0.934      0.020      0.047      0.000      0.000      2.000
     2.000      6.000      4.250      4.750      5.500      6.750      0.000      0.158      0.666      0.176      0.000      0.000      3.000
     2.750      3.500      4.000      7.250      6.500      6.500      0.000      0.026      0.133      0.841      0.000      0.000      4.000
     7.000      8.500      8.750      8.750      8.000      8.000      0.000      0.000      0.000      0.000      0.000      1.000      6.000
     1.750      4.500      7.250      8.500      8.250      7.750      0.000      0.000      0.000      0.185      0.815      0.000      5.000
     1.750      6.000      2.000      7.000      5.500      6.000      0.000      0.049      0.882      0.069      0.000      0.000      3.000
     7.750      5.750      6.500      6.750      6.750      6.000      0.000      0.000      0.000      0.000      0.000      1.000      6.000
     2.250      6.500      9.250     10.000     10.000      9.750      0.000      0.000      0.000      0.000      1.000      0.000      5.000
     2.750      2.250      3.750      8.000      6.000      7.000      0.000      0.049      0.094      0.857      0.000      0.000      4.000
     3.000      6.000      6.750      7.750      9.250      8.500      0.000      0.000      0.000      0.031      0.968      0.002      5.000
     3.750      7.750      5.750      9.750      8.000      7.750      0.000      0.000      0.000      0.174      0.728      0.098      5.000
     1.750      7.000      4.000      6.750      6.500      8.250      0.000      0.003      0.001      0.995      0.001      0.000      4.000
     1.000      2.750      4.750      4.750      8.000      7.000      0.000      0.522      0.008      0.470      0.000      0.000      2.000
     1.000      3.250      3.000      7.250      7.000      6.750      0.000      0.257      0.043      0.700      0.000      0.000      4.000
     1.000      4.500      4.750      6.000      3.250      8.000      0.000      0.362      0.544      0.094      0.000      0.000      3.000
     2.500      4.250      8.000      8.750      8.000      8.000      0.000      0.000      0.000      0.065      0.935      0.000      5.000
     1.000      3.750      8.500     10.000      7.250      6.250      0.000      0.000      0.000      0.480      0.520      0.000      5.000
     2.000      5.500      4.000      6.000      7.750      8.250      0.000      0.009      0.000      0.988      0.002      0.000      4.000
     1.000      2.500      6.750      6.750      9.000      8.250      0.000      0.000      0.000      0.378      0.622      0.000      5.000
     1.250      4.000      6.250      6.500      6.500      6.750      0.000      0.008      0.023      0.968      0.000      0.000      4.000
     1.250      1.500      4.000      4.000      2.500      5.000      0.987      0.000      0.012      0.000      0.000      0.000      1.000
     2.500      8.250      8.250      9.500      7.500      9.000      0.000      0.000      0.000      0.003      0.996      0.001      5.000
     4.250      5.750      5.000      7.250      7.500      6.500      0.000      0.000      0.005      0.976      0.001      0.018      4.000
     1.000      4.500      6.250      5.250      5.750      7.750      0.000      0.087      0.029      0.883      0.000      0.000      4.000
     2.250      6.250      4.000      6.500      6.000      6.250      0.000      0.014      0.433      0.553      0.000      0.000      4.000
     4.250      4.250      3.500      6.000      6.250      4.500      0.000      0.001      0.993      0.005      0.000      0.000      3.000
     3.250      5.250      4.250      4.500      4.250      5.250      0.003      0.002      0.995      0.000      0.000      0.000      3.000
     1.500      1.500      2.000      3.000      4.750      3.250      0.999      0.000      0.001      0.000      0.000      0.000      1.000
     4.250      7.750      6.250      6.500      6.500      6.500      0.000      0.000      0.016      0.908      0.000      0.076      4.000
     2.000      4.750      4.750      2.000      3.750      4.000      0.982      0.000      0.018      0.000      0.000      0.000      1.000
     2.000      5.250      8.000      8.500      7.750      7.000      0.000      0.000      0.000      0.513      0.487      0.001      4.000
     2.500      5.250      4.750      7.500      7.250      6.500      0.000      0.001      0.008      0.991      0.001      0.000      4.000
     2.000      3.750      5.250      6.750      5.750      6.500      0.000      0.028      0.293      0.679      0.000      0.000      4.000
     3.000      5.500      6.250      6.500      6.500      6.750      0.000      0.000      0.017      0.982      0.000      0.000      4.000
     3.750      6.000      5.500      6.250      6.250      8.250      0.000      0.001      0.002      0.993      0.001      0.004      4.000
     2.000      3.500      5.500      6.000      5.500      5.000      0.000      0.006      0.977      0.017      0.000      0.000      3.000
     1.250      4.250      4.000      4.750      6.250      8.250      0.000      0.748      0.009      0.243      0.000      0.000      2.000
     5.000      3.750      4.750      4.000      5.000      5.750      0.000      0.006      0.992      0.002      0.000      0.000      3.000
     1.500      6.250      4.000      6.750      5.500      7.500      0.000      0.030      0.070      0.900      0.000      0.000      4.000
     5.750      1.750      5.500      3.750      3.500      3.250      0.942      0.000      0.058      0.000      0.000      0.000      1.000
     1.000      5.750      3.500      6.250      4.250      4.250      0.008      0.001      0.991      0.000      0.000      0.000      3.000
     2.750      4.000      4.000      8.250      5.750      6.000      0.000      0.005      0.439      0.555      0.000      0.000      4.000
     1.000      8.000      5.500      9.000      6.250      7.000      0.000      0.000      0.001      0.991      0.008      0.000      4.000
     4.250      4.750      6.500      7.750      6.750      7.750      0.000      0.000      0.000      0.900      0.021      0.078      4.000
     1.250      3.000      3.500      4.750      5.250      7.500      0.000      0.942      0.048      0.011      0.000      0.000      2.000
     3.500      4.250      5.500      5.500      6.000      6.000      0.000      0.012      0.711      0.278      0.000      0.000      3.000
     4.000      4.750      7.000      6.250      6.250      6.750      0.000      0.000      0.028      0.963      0.000      0.009      4.000
     3.750      6.500      5.750      5.500      2.750      4.750      0.003      0.000      0.996      0.000      0.000      0.000      3.000
     1.000      4.750      9.500      8.750      9.250      9.500      0.000      0.000      0.000      0.000      1.000      0.000      5.000
     2.250      4.000      7.250      6.750      7.000      7.500      0.000      0.000      0.000      0.986      0.013      0.000      4.000
     3.000      5.750      6.250      6.000      6.000      6.500      0.000      0.002      0.128      0.870      0.000      0.000      4.000
     5.750      5.500      7.000      7.750      7.250      7.750      0.000      0.000      0.000      0.019      0.002      0.978      6.000
     3.000      4.500      5.000      3.500      6.250      6.250      0.000      0.199      0.722      0.079      0.000      0.000      3.000
     2.000      4.750      4.750      7.000      8.000      7.500      0.000      0.001      0.000      0.991      0.008      0.000      4.000
     1.750      3.000      3.500      4.750      6.500      6.500      0.000      0.810      0.150      0.041      0.000      0.000      2.000
     2.500      4.500      7.500      8.500      6.000      8.750      0.000      0.000      0.000      0.674      0.325      0.001      4.000
     2.000      3.750      2.000      6.250      5.000      4.000      0.035      0.003      0.962      0.000      0.000      0.000      3.000
     3.500      6.750      7.000      6.250      8.000      8.250      0.000      0.000      0.000      0.763      0.182      0.055      4.000
     4.000      5.750      5.250      7.500      7.750      7.750      0.000      0.000      0.000      0.938      0.030      0.032      4.000
     1.500      2.750      1.750      2.250      2.500      2.750      1.000      0.000      0.000      0.000      0.000      0.000      1.000
     1.500      4.500      3.500      3.750      5.750      5.500      0.001      0.237      0.759      0.002      0.000      0.000      3.000
     2.000      6.500      7.500     10.000      9.500      9.000      0.000      0.000      0.000      0.000      1.000      0.000      5.000
     2.750      6.000      6.750      9.000      9.000      9.000      0.000      0.000      0.000      0.003      0.997      0.000      5.000
     2.500      4.500      4.250      4.250      5.250      3.750      0.058      0.001      0.941      0.000      0.000      0.000      3.000
     2.000      6.750      5.500      7.750      7.250      6.000      0.000      0.000      0.006      0.993      0.001      0.000      4.000
     1.000      2.000      2.000      5.250      4.250      7.000      0.000      0.921      0.079      0.000      0.000      0.000      2.000
     1.750      3.250      4.500      4.250      4.750      5.500      0.006      0.070      0.924      0.001      0.000      0.000      3.000
     3.000      5.000      8.250      6.500      6.500      8.750      0.000      0.000      0.000      0.849      0.143      0.007      4.000
     5.750      6.750      5.500      5.000      5.500      6.000      0.000      0.000      0.845      0.120      0.000      0.035      3.000
     1.250      3.750      2.250      5.750      4.500      5.500      0.006      0.092      0.902      0.000      0.000      0.000      3.000
     3.000      7.000      3.000      6.000      8.000      5.000      0.000      0.006      0.419      0.575      0.000      0.000      4.000
     1.500      3.000      5.500      6.250      6.500      6.750      0.000      0.072      0.068      0.860      0.000      0.000      4.000
     1.500      4.500      4.250      5.500      5.750      5.750      0.000      0.081      0.869      0.050      0.000      0.000      3.000
     3.250      2.750      5.000      4.500      3.750      5.250      0.031      0.003      0.966      0.000      0.000      0.000      3.000
     1.000      4.000      4.000      5.250      6.500      5.750      0.000      0.340      0.569      0.091      0.000      0.000      3.000
     3.000      3.750      7.500      8.000      9.000      9.000      0.000      0.000      0.000      0.008      0.992      0.000      5.000
     1.500      4.750      2.750      6.250      5.750      7.500      0.000      0.542      0.115      0.343      0.000      0.000      2.000
     2.500      5.500      2.750      6.750      6.250      7.250      0.000      0.071      0.090      0.839      0.000      0.000      4.000
     1.250      3.500      4.000      5.000      7.000      4.500      0.000      0.087      0.900      0.013      0.000      0.000      3.000
     2.750      6.500      4.500      4.750      6.500      6.750      0.000      0.047      0.236      0.717      0.000      0.000      4.000
     2.000      1.750      3.500      2.250      1.750      3.000      1.000      0.000      0.000      0.000      0.000      0.000      1.000
     1.750      3.500      6.000      7.500      6.000      6.250      0.000      0.004      0.107      0.888      0.000      0.000      4.000
     2.500      3.500      4.000      4.750      4.500      4.500      0.055      0.003      0.942      0.000      0.000      0.000      3.000
     1.000      4.250      4.750      7.750      8.250      8.000      0.000      0.001      0.000      0.895      0.105      0.000      4.000
     4.750      4.750      6.000      6.500      7.500      6.750      0.000      0.000      0.003      0.899      0.001      0.097      4.000
     1.000      1.000      4.250      3.500      7.250      8.000      0.000      0.994      0.000      0.005      0.000      0.000      2.000
     3.750      3.500      4.750      6.500      6.250      6.000      0.000      0.012      0.540      0.447      0.000      0.000      3.000
     1.000      5.750      5.500      6.250      6.000      6.750      0.000      0.015      0.086      0.899      0.000      0.000      4.000
     2.000      5.250      3.750      5.500      7.250      7.500      0.000      0.090      0.011      0.899      0.000      0.000      4.000
     2.500      5.500      6.000      4.500      7.000      5.750      0.000      0.017      0.396      0.586      0.000      0.000      4.000
     1.250      7.500      6.500      7.000      8.250      8.750      0.000      0.000      0.000      0.278      0.722      0.000      5.000
     3.000      8.000      3.500      7.500      7.250      5.250      0.000      0.000      0.164      0.836      0.000      0.000      4.000
     6.000      5.500      5.250      5.750      5.000      6.500      0.000      0.001      0.791      0.158      0.000      0.050      3.000
     3.500      7.500      6.750      6.750      7.000      6.000      0.000      0.000      0.010      0.975      0.001      0.014      4.000
     3.500      9.750      8.750      8.750      9.250      8.750      0.000      0.000      0.000      0.000      0.984      0.016      5.000
     1.500      3.500      6.500      6.250      7.750      7.250      0.000      0.002      0.001      0.990      0.007      0.000      4.000
     1.000      4.500      6.250      7.000      7.000      8.750      0.000      0.001      0.000      0.913      0.086      0.000      4.000
     3.500      3.500      6.250      3.500      6.500      6.750      0.000      0.193      0.363      0.445      0.000      0.000      4.000
     1.500      4.250      7.250      8.750      8.750      7.750      0.000      0.000      0.000      0.055      0.945      0.000      5.000
     2.000      7.000      4.750      7.750      7.250      7.750      0.000      0.000      0.000      0.986      0.014      0.000      4.000
     2.000      3.750      4.500      4.500      4.750      5.500      0.002      0.035      0.962      0.001      0.000      0.000      3.000
     3.750      7.000      6.750      7.250      6.500      6.750      0.000      0.000      0.003      0.963      0.002      0.032      4.000
     1.000      1.750      3.000      4.000      3.250      3.250      1.000      0.000      0.000      0.000      0.000      0.000      1.000
     2.250      4.750      3.250      3.500      3.750      3.500      0.982      0.000      0.018      0.000      0.000      0.000      1.000
     6.000      8.500      6.750      5.750      7.250      6.750      0.000      0.000      0.000      0.010      0.000      0.990      6.000
     2.000      4.750      6.000      7.500      7.000      7.000      0.000      0.000      0.002      0.994      0.004      0.000      4.000
     5.500      5.000      7.500      8.000      8.000      7.000      0.000      0.000      0.000      0.026      0.007      0.967      6.000
     1.750      3.000      5.500      6.250      5.500      7.000      0.000      0.126      0.238      0.636      0.000      0.000      4.000
     1.000      5.750      5.500      6.500      7.250      7.750      0.000      0.002      0.000      0.993      0.005      0.000      4.000
     2.500      4.250      2.500      4.500      3.250      3.750      0.976      0.000      0.024      0.000      0.000      0.000      1.000
     3.500      6.750      6.750      7.500      4.000      5.000      0.000      0.000      0.977      0.023      0.000      0.000      3.000
     3.750      5.000      5.000      5.250      6.000      5.750      0.000      0.007      0.875      0.117      0.000      0.000      3.000
     1.000      6.750     10.000      9.000     10.000      9.250      0.000      0.000      0.000      0.000      1.000      0.000      5.000
     5.000      6.750      7.500      8.000      6.750      5.750      0.000      0.000      0.001      0.193      0.000      0.806      6.000
     1.000      4.250      6.250      6.000      6.500      6.250      0.000      0.021      0.109      0.870      0.000      0.000      4.000
     3.750      6.250      8.750      9.000      9.500      9.250      0.000      0.000      0.000      0.000      0.998      0.002      5.000
     1.750      6.000      7.000      7.500      8.750      8.750      0.000      0.000      0.000      0.047      0.953      0.000      5.000
     3.000      6.750      5.500      7.000      6.500      7.000      0.000      0.000      0.007      0.992      0.000      0.001      4.000
     1.000      3.250      5.500      7.250      8.250      7.750      0.000      0.001      0.000      0.934      0.064      0.000      4.000
     1.750      4.750      4.500      7.000      5.750      7.500      0.000      0.025      0.035      0.940      0.000      0.000      4.000
     1.500      4.500      7.000      6.000      9.000      9.250      0.000      0.000      0.000      0.114      0.886      0.000      5.000
     2.250      2.750      5.750      5.500      6.250      5.250      0.000      0.028      0.891      0.081      0.000      0.000      3.000
     1.750      6.000      6.750      7.500      8.000      6.250      0.000      0.000      0.000      0.981      0.019      0.000      4.000
     2.000      6.750      3.250      7.500      7.750      7.500      0.000      0.001      0.000      0.996      0.002      0.000      4.000
     1.000      5.250      4.500      3.750      4.750      5.500      0.005      0.055      0.940      0.001      0.000      0.000      3.000
     1.000      3.500      4.250      7.000      7.000      9.000      0.000      0.030      0.000      0.958      0.011      0.000      4.000
     2.750      3.750      8.000      8.250      8.250      9.250      0.000      0.000      0.000      0.007      0.992      0.000      5.000
     1.250      3.250      3.000      4.500      5.000      6.250      0.001      0.617      0.381      0.001      0.000      0.000      2.000
     3.750      3.000      5.750      6.750      6.500      7.250      0.000      0.003      0.013      0.983      0.000      0.001      4.000
     1.750      5.000      3.500      5.750      4.500      4.000      0.025      0.001      0.974      0.000      0.000      0.000      3.000
     2.500      4.750      6.750      7.500      8.750      8.250      0.000      0.000      0.000      0.200      0.799      0.000      5.000
     1.500      7.500      3.250      8.000      7.750      7.250      0.000      0.000      0.000      0.996      0.004      0.000      4.000
     1.750      4.500      5.500      5.250      6.750      6.750      0.000      0.062      0.075      0.863      0.000      0.000      4.000
     1.000      3.000      6.000      5.250      5.500      5.000      0.000      0.023      0.966      0.011      0.000      0.000      3.000
     4.750      6.250      7.000      8.750      7.750      8.750      0.000      0.000      0.000      0.031      0.438      0.531      6.000
     1.750      5.000      8.500      9.000      8.500      8.500      0.000      0.000      0.000      0.003      0.997      0.000      5.000
     1.000      7.000      4.500      7.000      8.000      8.500      0.000      0.000      0.000      0.928      0.072      0.000      4.000
     1.250      5.250      5.500      5.500      8.250      6.500      0.000      0.007      0.004      0.989      0.001      0.000      4.000
     4.000      6.750      6.750      7.750      7.500      8.000      0.000      0.000      0.000      0.563      0.198      0.240      4.000
     1.250      3.750      3.500      4.500      3.500      5.000      0.436      0.008      0.556      0.000      0.000      0.000      3.000
     1.250      4.250      3.250      5.500      4.000      6.250      0.001      0.116      0.881      0.002      0.000      0.000      3.000
     7.000      5.500      6.500      6.250      6.250      7.750      0.000      0.000      0.000      0.004      0.000      0.996      6.000
     2.500      7.250      4.000      4.000      5.750      7.500      0.000      0.248      0.305      0.447      0.000      0.000      4.000
     2.000      4.500      4.250      5.250      7.500      6.250      0.000      0.136      0.121      0.743      0.000      0.000      4.000
     1.000      3.500      2.250      4.500      6.500      7.250      0.000      0.984      0.010      0.006      0.000      0.000      2.000
     3.250      7.000      5.000      6.750      7.500      7.750      0.000      0.000      0.000      0.991      0.006      0.003      4.000
     4.500      5.500      7.250      7.750      8.250      6.750      0.000      0.000      0.000      0.393      0.066      0.540      6.000
     2.750      4.750      8.500      8.750      7.500     10.000      0.000      0.000      0.000      0.002      0.998      0.000      5.000
     1.250      3.250      7.250      8.250      7.750      7.750      0.000      0.000      0.000      0.518      0.482      0.000      4.000
     2.750      5.000      4.000      3.000      5.000      6.000      0.002      0.106      0.891      0.001      0.000      0.000      3.000
     2.500      3.500      5.000      3.750      5.750      6.500      0.000      0.400      0.561      0.039      0.000      0.000      3.000
     3.000      4.500      6.250      6.750      7.750      6.750      0.000      0.000      0.001      0.994      0.004      0.001      4.000
     1.250      4.500      6.750      7.000      8.500      7.500      0.000      0.000      0.000      0.794      0.205      0.000      4.000
     2.500      4.000      7.250      5.250      7.000      6.750      0.000      0.004      0.015      0.981      0.000      0.000      4.000
     1.250      7.750      8.000      9.250      9.500     10.000      0.000      0.000      0.000      0.000      1.000      0.000      5.000
     4.250      6.000      6.500      7.750      6.250      7.500      0.000      0.000      0.001      0.889      0.006      0.104      4.000
     2.000      6.750      4.250      6.750      6.500      6.750      0.000      0.004      0.040      0.956      0.000      0.000      4.000
     4.500      4.000      4.500      5.250      4.000      4.750      0.005      0.000      0.995      0.000      0.000      0.000      3.000
     2.500      4.250      2.250      6.500      5.250      4.500      0.001      0.004      0.995      0.000      0.000      0.000      3.000
     3.250      5.000      6.000      6.250      7.750      7.250      0.000      0.000      0.001      0.994      0.004      0.001      4.000
     2.250      4.000      3.500      7.000      6.000      6.000      0.000      0.054      0.678      0.268      0.000      0.000      3.000
     2.750      7.000      7.500      8.000      7.000      8.000      0.000      0.000      0.000      0.641      0.349      0.010      4.000
     1.000      9.500      5.750      4.500      8.000      8.250      0.000      0.000      0.000      0.992      0.008      0.000      4.000
     3.500      7.250      6.250      7.250      7.250      4.750      0.000      0.000      0.110      0.885      0.000      0.005      4.000
     4.000      4.000      3.000      4.750      6.250      5.750      0.000      0.076      0.907      0.018      0.000      0.000      3.000
     1.000      7.000      3.500      6.750      7.500      7.500      0.000      0.005      0.001      0.993      0.001      0.000      4.000
     4.750      6.000      5.750      7.250      8.000      8.250      0.000      0.000      0.000      0.425      0.078      0.497      6.000
     2.000      1.000      2.000      2.000      2.000      2.000      1.000      0.000      0.000      0.000      0.000      0.000      1.000
     3.500      5.250      5.500      7.750      7.250      7.750      0.000      0.000      0.000      0.973      0.022      0.005      4.000
     1.000      3.750      6.250      6.000      7.500      7.750      0.000      0.007      0.000      0.986      0.006      0.000      4.000
     2.750      8.250      6.750      7.000      7.250      8.250      0.000      0.000      0.000      0.848      0.142      0.010      4.000
