     2.250      6.750      7.250      6.250      8.000      8.250      0.000      0.002      0.139      0.860      4.000
     2.500      4.750      4.500      7.000      7.750      8.250      0.000      0.000      0.835      0.165      3.000
     3.000      4.250      4.000      7.250      6.750      7.500      0.000      0.000      0.993      0.007      3.000
     2.500      5.500      6.000      5.250      6.500      7.000      0.000      0.000      0.997      0.002      3.000
     2.500      4.750      4.750      7.750      7.750      6.500      0.000      0.000      0.960      0.040      3.000
     1.000      1.000      2.750      3.750      4.250      3.500      1.000      0.000      0.000      0.000      1.000
     1.000      1.750      2.000      4.750      5.750      7.250      0.335      0.000      0.665      0.000      3.000
     5.500      6.750      7.250      7.250      8.000      8.250      0.000      0.966      0.001      0.033      2.000
     6.500      8.750      8.250      9.000      9.000      7.250      0.000      0.999      0.000      0.001      2.000
     2.250      5.500      8.000      5.750      5.000      8.750      0.000      0.001      0.933      0.066      3.000
     2.750      4.250      3.250      7.750      7.750      7.000      0.000      0.000      0.988      0.012      3.000
     1.000      1.000      1.000      1.250      4.250      2.000      1.000      0.000      0.000      0.000      1.000
     1.500      1.750      5.000      7.000      7.250      7.000      0.000      0.000      0.991      0.009      3.000
     1.250      4.000      7.750      8.250      8.750      9.250      0.000      0.000      0.001      0.999      4.000
     1.750      6.750      2.000      5.250      7.000      5.750      0.014      0.000      0.986      0.000      3.000
     4.250      5.750      5.750      6.000      5.500      7.250      0.000      0.011      0.988      0.001      3.000
     1.000      3.500      7.250      7.750      9.250      9.000      0.000      0.000      0.002      0.998      4.000
     1.750      2.500      2.250      4.250      7.750      7.750      0.001      0.000      0.999      0.000      3.000
     3.250      7.000      3.750      6.250      6.000      6.000      0.002      0.000      0.997      0.000      3.000
     2.500      7.250      5.000      6.750      5.750      6.250      0.000      0.000      0.999      0.001      3.000
     5.500      6.250      7.250      6.500      8.250      7.500      0.000      0.976      0.005      0.019      2.000
     1.500      3.250      5.500      8.500      7.500      9.000      0.000      0.000      0.122      0.878      4.000
     2.000      6.500      6.500      7.250      8.000      6.750      0.000      0.001      0.579      0.420      3.000
     3.500      3.250      6.000      6.500      6.500      7.500      0.000      0.001      0.984      0.015      3.000
     3.000      5.750      4.750      6.250      5.750      5.750      0.006      0.000      0.994      0.000      3.000
     1.750      3.500      6.000      7.250      8.000      8.000      0.000      0.000      0.429      0.571      4.000
     1.000      7.000      7.500      7.500      7.250      6.750      0.000      0.000      0.480      0.520      4.000
     5.250      6.750      8.500      8.250      8.500      9.250      0.000      0.732      0.000      0.268      2.000
     1.000      2.500      5.750      7.250      8.000      6.750      0.000      0.000      0.911      0.089      3.000
     1.000      7.500      7.000      6.500      4.250      6.250      0.004      0.000      0.996      0.000      3.000
     3.500      6.000      6.750      9.250      8.750      8.500      0.000      0.007      0.001      0.992      4.000
     2.250      4.500      6.250      5.000      7.250      7.750      0.000      0.000      0.978      0.022      3.000
     2.500      5.000      7.000      7.750      4.250      4.000      0.185      0.000      0.815      0.000      3.000
     3.000      5.500      7.750      8.250      6.000      5.750      0.000      0.007      0.937      0.056      3.000
     1.750      5.000      6.250      6.500      7.000      7.500      0.000      0.000      0.927      0.073      3.000
     2.000      5.250      7.250      9.000      6.250      7.750      0.000      0.000      0.241      0.758      4.000
     1.250      3.000      6.500      6.750      6.250      7.250      0.000      0.000      0.984      0.016      3.000
     6.250      7.000      7.500      6.750      6.500      7.000      0.000      0.998      0.002      0.000      2.000
     1.750      5.750      4.000      5.000      4.250      4.250      0.990      0.000      0.010      0.000      1.000
     1.000      4.750      3.000      5.250      4.750      7.250      0.161      0.000      0.839      0.000      3.000
     6.000      5.250      5.250      5.500      6.500      6.250      0.000      0.445      0.555      0.000      3.000
     2.000      3.250      4.250      7.750      7.500      6.000      0.000      0.000      0.996      0.004      3.000
     3.500      3.750      7.000      7.000      7.750      7.500      0.000      0.017      0.480      0.503      4.000
     3.000      4.500      3.250      6.250      5.000      6.250      0.107      0.000      0.893      0.000      3.000
     1.000      2.250      2.250      5.500      7.000      6.500      0.024      0.000      0.976      0.000      3.000
     2.250      3.250      6.000      8.000      7.750      7.750      0.000      0.000      0.411      0.589      4.000
     1.500      2.250      4.000      4.500      7.000      6.250      0.026      0.000      0.974      0.000      3.000
     2.250      6.250      7.250      7.750      8.250      7.250      0.000      0.001      0.079      0.920      4.000
     1.500      8.000      6.250      8.250      7.750      8.500      0.000      0.000      0.030      0.970      4.000
     2.250      4.500      6.250      6.750      8.250      8.000      0.000      0.000      0.342      0.658      4.000
     7.000      7.250      7.000      7.750      8.250      8.250      0.000      1.000      0.000      0.000      2.000
     4.750      8.750      6.750      8.750      8.750      7.750      0.000      0.741      0.001      0.258      2.000
     1.250      4.000      1.000      2.500      3.750      4.250      1.000      0.000      0.000      0.000      1.000
     7.750      7.000      7.250      7.250      6.500      8.250      0.000      1.000      0.000      0.000      2.000
     1.750      5.250      6.000      8.250      9.750      8.500      0.000      0.000      0.003      0.997      4.000
     4.500      6.500      6.250      8.500      9.000      8.250      0.000      0.218      0.004      0.778      4.000
     1.250      6.250      4.250      7.000      7.000      5.000      0.001      0.000      0.999      0.000      3.000
     1.250      5.500      5.250      2.500      6.250      5.500      0.409      0.000      0.591      0.000      3.000
     4.500      5.250      8.000      6.000      8.500      7.750      0.000      0.530      0.050      0.420      2.000
     3.500      6.500      6.250      5.250      5.750      6.750      0.000      0.002      0.997      0.001      3.000
     3.500      5.250      5.500      5.750      5.750      5.750      0.007      0.000      0.993      0.000      3.000
     2.500      8.250      8.250      9.750      8.750      8.500      0.000      0.001      0.000      0.999      4.000
     2.250      3.500      6.000      5.500      7.750      7.750      0.000      0.000      0.945      0.055      3.000
     3.750      4.750      8.000      8.000      8.750      8.000      0.000      0.024      0.004      0.972      4.000
     2.000      3.750      2.500      5.000      5.500      4.500      0.973      0.000      0.027      0.000      1.000
     5.500      6.000      5.500      6.000      6.000      5.750      0.001      0.194      0.805      0.000      3.000
     3.750      5.750      4.250      5.500      6.500      7.250      0.000      0.001      0.999      0.001      3.000
     2.250      4.000      7.500      6.500      6.000      5.000      0.002      0.000      0.997      0.001      3.000
     3.250      7.000      5.250      7.000      7.750      8.250      0.000      0.016      0.511      0.472      3.000
     1.250      6.250      3.500      7.750      6.000      6.250      0.001      0.000      0.999      0.000      3.000
     2.750      5.000      4.000      4.250      4.750      5.000      0.955      0.000      0.045      0.000      1.000
     1.000      4.250      3.500      7.000      9.000      5.250      0.000      0.000      0.997      0.003      3.000
     3.000      6.250      3.000      5.500      5.250      5.750      0.208      0.000      0.792      0.000      3.000
     1.750      7.250      4.500      7.250      6.500      8.250      0.000      0.000      0.944      0.056      3.000
     1.500      7.000      7.250      6.250      6.250      7.250      0.000      0.000      0.943      0.057      3.000
     2.500      5.250      7.250      7.000      8.250      8.750      0.000      0.001      0.025      0.974      4.000
     1.250      2.250      6.250      4.750      5.750      7.750      0.002      0.000      0.998      0.001      3.000
     3.500      6.500      6.500      6.000      6.750      6.750      0.000      0.011      0.973      0.016      3.000
     1.000      8.750      3.500      5.000      7.500     10.000      0.000      0.000      0.885      0.115      3.000
     1.250      6.250      4.250      7.750      4.750      6.000      0.009      0.000      0.991      0.000      3.000
     3.500      6.750      7.000      7.750      8.250      7.750      0.000      0.048      0.041      0.911      4.000
     3.250      5.250      6.750      6.250      7.250      6.500      0.000      0.005      0.962      0.034      3.000
     4.250      7.250      7.250      6.750      7.500      7.750      0.000      0.591      0.115      0.293      2.000
     1.000      6.250      7.000      8.500      4.500      4.500      0.010      0.000      0.990      0.000      3.000
     1.500      4.000      4.500      5.250      6.000      4.500      0.504      0.000      0.496      0.000      1.000
     1.750      2.750      4.000      8.750      6.500      4.000      0.019      0.000      0.981      0.000      3.000
     2.750      4.000      4.250      5.000      5.000      5.000      0.844      0.000      0.156      0.000      1.000
     3.500      8.500      5.250      6.500      8.500      7.250      0.000      0.079      0.605      0.316      3.000
     1.750      4.500      1.750      4.000      3.250      4.500      1.000      0.000      0.000      0.000      1.000
     1.500      2.750      3.500      4.500      5.250      6.000      0.802      0.000      0.198      0.000      1.000
     1.500      6.250      5.250      6.500      7.000      8.250      0.000      0.000      0.905      0.095      3.000
     8.250      7.500      7.500      9.000      7.750      8.750      0.000      1.000      0.000      0.000      2.000
     1.250      1.500      2.250      1.750      5.250      5.750      1.000      0.000      0.000      0.000      1.000
     1.000      3.250      6.250      9.500      9.500      9.500      0.000      0.000      0.000      1.000      4.000
     2.250      5.500      7.750      7.000      7.750      5.750      0.000      0.001      0.801      0.198      3.000
     2.750      5.000      4.000      5.500      5.500      5.000      0.363      0.000      0.637      0.000      3.000
     2.750      4.250      5.750      6.500      8.000      8.750      0.000      0.001      0.397      0.602      4.000
     1.000      8.750      6.750      9.500     10.000      8.500      0.000      0.000      0.000      1.000      4.000
     2.250      5.000      6.000      7.000      7.000      7.000      0.000      0.000      0.953      0.047      3.000
     3.000      5.500      6.000      7.000      6.500      6.750      0.000      0.001      0.984      0.015      3.000
     8.750      7.750      8.250      7.250      9.000      8.000      0.000      1.000      0.000      0.000      2.000
     3.000      8.000      8.000      9.000      8.250      8.000      0.000      0.009      0.001      0.990      4.000
     1.750      6.000      5.500      7.500      7.000      7.750      0.000      0.000      0.819      0.181      3.000
     3.750      3.750      7.000      7.250      6.500      6.750      0.000      0.013      0.941      0.046      3.000
     2.750      4.750      6.500      7.000      6.000      7.000      0.000      0.000      0.985      0.015      3.000
     2.000      3.250      2.750      3.250      3.000      3.000      1.000      0.000      0.000      0.000      1.000
     3.750      2.500      7.250      3.500      8.000      5.000      0.003      0.000      0.996      0.000      3.000
     1.000      5.250      3.750      8.500     10.000      9.250      0.000      0.000      0.006      0.994      4.000
     1.000      7.250      3.250      8.250      4.750      4.250      0.241      0.000      0.759      0.000      3.000
     1.500      5.250      4.250      5.500      8.250      7.250      0.000      0.000      0.989      0.011      3.000
     2.500      6.500      3.250      5.500      6.250      7.500      0.000      0.000      0.999      0.000      3.000
     2.000      7.750      4.250      5.000      7.500      6.750      0.000      0.000      0.999      0.001      3.000
     1.500      2.750      5.500      5.750      3.750      6.000      0.785      0.000      0.215      0.000      1.000
     1.500      7.500      4.500      6.000      6.500      6.500      0.000      0.000      0.999      0.001      3.000
     1.500      3.750      6.500      9.250      5.500      7.500      0.000      0.000      0.831      0.169      3.000
     1.500      6.500      7.750      6.750      7.250      7.500      0.000      0.000      0.376      0.623      4.000
     2.250      3.250      3.750      4.500      4.000      5.250      0.995      0.000      0.005      0.000      1.000
     1.250      6.750      1.750      5.250      3.000      3.500      1.000      0.000      0.000      0.000      1.000
     6.500      7.500      8.000      7.500      7.500      7.750      0.000      0.999      0.000      0.001      2.000
     1.500      4.250      4.000      5.500      3.000      3.750      1.000      0.000      0.000      0.000      1.000
     1.750      3.750      4.500      4.000      6.000      6.000      0.207      0.000      0.793      0.000      3.000
     1.000      3.750      5.000      6.250      8.750      6.750      0.000      0.000      0.950      0.050      3.000
     3.250      6.250      6.500      6.250      6.250      5.750      0.000      0.001      0.997      0.002      3.000
     2.750      4.250      4.000      5.250      5.250      5.750      0.315      0.000      0.685      0.000      3.000
     2.000      5.500      4.750      6.750      8.000      6.500      0.000      0.000      0.979      0.021      3.000
     2.500      6.500      7.750      8.750      8.000      8.750      0.000      0.001      0.002      0.998      4.000
     3.500      7.250      5.750      7.750      7.000      7.500      0.000      0.051      0.681      0.268      3.000
     1.000      4.500      2.250      5.000      6.750      7.250      0.005      0.000      0.995      0.000      3.000
     2.000      6.000      4.250      4.750      5.500      6.750      0.020      0.000      0.980      0.000      3.000
     2.750      3.500      4.000      7.250      6.500      6.500      0.000      0.000      0.999      0.001      3.000
     7.000      8.500      8.750      8.750      8.000      8.000      0.000      1.000      0.000      0.000      2.000
     1.750      4.500      7.250      8.500      8.250      7.750      0.000      0.000      0.022      0.978      4.000
     1.750      6.000      2.000      7.000      5.500      6.000      0.040      0.000      0.960      0.000      3.000
     7.750      5.750      6.500      6.750      6.750      6.000      0.000      1.000      0.000      0.000      2.000
     2.250      6.500      9.250     10.000     10.000      9.750      0.000      0.000      0.000      1.000      4.000
     2.750      2.250      3.750      8.000      6.000      7.000      0.000      0.000      0.999      0.001      3.000
     3.000      6.000      6.750      7.750      9.250      8.500      0.000      0.002      0.004      0.994      4.000
     3.750      7.750      5.750      9.750      8.000      7.750      0.000      0.071      0.017      0.911      4.000
     1.750      7.000      4.000      6.750      6.500      8.250      0.000      0.000      0.985      0.015      3.000
     1.000      2.750      4.750      4.750      8.000      7.000      0.000      0.000      0.998      0.002      3.000
     1.000      3.250      3.000      7.250      7.000      6.750      0.000      0.000      0.999      0.001      3.000
     1.000      4.500      4.750      6.000      3.250      8.000      0.094      0.000      0.906      0.000      3.000
     2.500      4.250      8.000      8.750      8.000      8.000      0.000      0.000      0.007      0.993      4.000
     1.000      3.750      8.500     10.000      7.250      6.250      0.000      0.000      0.051      0.949      4.000
     2.000      5.500      4.000      6.000      7.750      8.250      0.000      0.000      0.966      0.034      3.000
     1.000      2.500      6.750      6.750      9.000      8.250      0.000      0.000      0.078      0.922      4.000
     1.250      4.000      6.250      6.500      6.500      6.750      0.000      0.000      0.993      0.007      3.000
     1.250      1.500      4.000      4.000      2.500      5.000      1.000      0.000      0.000      0.000      1.000
     2.500      8.250      8.250      9.500      7.500      9.000      0.000      0.001      0.000      0.998      4.000
     4.250      5.750      5.000      7.250      7.500      6.500      0.000      0.045      0.931      0.024      3.000
     1.000      4.500      6.250      5.250      5.750      7.750      0.000      0.000      0.997      0.002      3.000
     2.250      6.250      4.000      6.500      6.000      6.250      0.002      0.000      0.998      0.000      3.000
     4.250      4.250      3.500      6.000      6.250      4.500      0.188      0.000      0.812      0.000      3.000
     3.250      5.250      4.250      4.500      4.250      5.250      0.946      0.000      0.054      0.000      1.000
     1.500      1.500      2.000      3.000      4.750      3.250      1.000      0.000      0.000      0.000      1.000
     4.250      7.750      6.250      6.500      6.500      6.500      0.000      0.172      0.817      0.011      3.000
     2.000      4.750      4.750      2.000      3.750      4.000      1.000      0.000      0.000      0.000      1.000
     2.000      5.250      8.000      8.500      7.750      7.000      0.000      0.000      0.055      0.944      4.000
     2.500      5.250      4.750      7.500      7.250      6.500      0.000      0.000      0.986      0.014      3.000
     2.000      3.750      5.250      6.750      5.750      6.500      0.001      0.000      0.998      0.000      3.000
     3.000      5.500      6.250      6.500      6.500      6.750      0.000      0.001      0.988      0.011      3.000
     3.750      6.000      5.500      6.250      6.250      8.250      0.000      0.011      0.963      0.026      3.000
     2.000      3.500      5.500      6.000      5.500      5.000      0.151      0.000      0.849      0.000      3.000
     1.250      4.250      4.000      4.750      6.250      8.250      0.001      0.000      0.999      0.000      3.000
     5.000      3.750      4.750      4.000      5.000      5.750      0.649      0.000      0.351      0.000      1.000
     1.500      6.250      4.000      6.750      5.500      7.500      0.000      0.000      0.999      0.001      3.000
     5.750      1.750      5.500      3.750      3.500      3.250      1.000      0.000      0.000      0.000      1.000
     1.000      5.750      3.500      6.250      4.250      4.250      0.971      0.000      0.029      0.000      1.000
     2.750      4.000      4.000      8.250      5.750      6.000      0.001      0.000      0.998      0.000      3.000
     1.000      8.000      5.500      9.000      6.250      7.000      0.000      0.000      0.826      0.174      3.000
     4.250      4.750      6.500      7.750      6.750      7.750      0.000      0.177      0.545      0.277      3.000
     1.250      3.000      3.500      4.750      5.250      7.500      0.095      0.000      0.905      0.000      3.000
     3.500      4.250      5.500      5.500      6.000      6.000      0.006      0.000      0.994      0.000      3.000
     4.000      4.750      7.000      6.250      6.250      6.750      0.000      0.022      0.968      0.011      3.000
     3.750      6.500      5.750      5.500      2.750      4.750      0.979      0.000      0.021      0.000      1.000
     1.000      4.750      9.500      8.750      9.250      9.500      0.000      0.000      0.000      1.000      4.000
     2.250      4.000      7.250      6.750      7.000      7.500      0.000      0.000      0.771      0.228      3.000
     3.000      5.750      6.250      6.000      6.000      6.500      0.000      0.000      0.998      0.002      3.000
     5.750      5.500      7.000      7.750      7.250      7.750      0.000      0.981      0.005      0.014      2.000
     3.000      4.500      5.000      3.500      6.250      6.250      0.047      0.000      0.952      0.000      3.000
     2.000      4.750      4.750      7.000      8.000      7.500      0.000      0.000      0.890      0.110      3.000
     1.750      3.000      3.500      4.750      6.500      6.500      0.036      0.000      0.964      0.000      3.000
     2.500      4.500      7.500      8.500      6.000      8.750      0.000      0.001      0.142      0.857      4.000
     2.000      3.750      2.000      6.250      5.000      4.000      0.990      0.000      0.010      0.000      1.000
     3.500      6.750      7.000      6.250      8.000      8.250      0.000      0.067      0.168      0.765      4.000
     4.000      5.750      5.250      7.500      7.750      7.750      0.000      0.079      0.587      0.334      3.000
     1.500      2.750      1.750      2.250      2.500      2.750      1.000      0.000      0.000      0.000      1.000
     1.500      4.500      3.500      3.750      5.750      5.500      0.789      0.000      0.211      0.000      1.000
     2.000      6.500      7.500     10.000      9.500      9.000      0.000      0.000      0.000      1.000      4.000
     2.750      6.000      6.750      9.000      9.000      9.000      0.000      0.000      0.001      0.999      4.000
     2.500      4.500      4.250      4.250      5.250      3.750      0.990      0.000      0.010      0.000      1.000
     2.000      6.750      5.500      7.750      7.250      6.000      0.000      0.000      0.967      0.033      3.000
     1.000      2.000      2.000      5.250      4.250      7.000      0.935      0.000      0.065      0.000      1.000
     1.750      3.250      4.500      4.250      4.750      5.500      0.938      0.000      0.062      0.000      1.000
     3.000      5.000      8.250      6.500      6.500      8.750      0.000      0.012      0.239      0.749      4.000
     5.750      6.750      5.500      5.000      5.500      6.000      0.004      0.228      0.768      0.000      3.000
     1.250      3.750      2.250      5.750      4.500      5.500      0.963      0.000      0.037      0.000      1.000
     3.000      7.000      3.000      6.000      8.000      5.000      0.001      0.000      0.999      0.000      3.000
     1.500      3.000      5.500      6.250      6.500      6.750      0.000      0.000      0.998      0.002      3.000
     1.500      4.500      4.250      5.500      5.750      5.750      0.080      0.000      0.920      0.000      3.000
     3.250      2.750      5.000      4.500      3.750      5.250      0.992      0.000      0.008      0.000      1.000
     1.000      4.000      4.000      5.250      6.500      5.750      0.037      0.000      0.963      0.000      3.000
     3.000      3.750      7.500      8.000      9.000      9.000      0.000      0.001      0.001      0.998      4.000
     1.500      4.750      2.750      6.250      5.750      7.500      0.003      0.000      0.997      0.000      3.000
     2.500      5.500      2.750      6.750      6.250      7.250      0.000      0.000      0.999      0.000      3.000
     1.250      3.500      4.000      5.000      7.000      4.500      0.226      0.000      0.774      0.000      3.000
     2.750      6.500      4.500      4.750      6.500      6.750      0.001      0.000      0.999      0.000      3.000
     2.000      1.750      3.500      2.250      1.750      3.000      1.000      0.000      0.000      0.000      1.000
     1.750      3.500      6.000      7.500      6.000      6.250      0.000      0.000      0.996      0.003      3.000
     2.500      3.500      4.000      4.750      4.500      4.500      0.993      0.000      0.007      0.000      1.000
     1.000      4.250      4.750      7.750      8.250      8.000      0.000      0.000      0.500      0.500      3.000
     4.750      4.750      6.000      6.500      7.500      6.750      0.000      0.211      0.760      0.030      3.000
     1.000      1.000      4.250      3.500      7.250      8.000      0.003      0.000      0.997      0.000      3.000
     3.750      3.500      4.750      6.500      6.250      6.000      0.002      0.000      0.997      0.000      3.000
     1.000      5.750      5.500      6.250      6.000      6.750      0.000      0.000      0.998      0.001      3.000
     2.000      5.250      3.750      5.500      7.250      7.500      0.000      0.000      0.998      0.002      3.000
     2.500      5.500      6.000      4.500      7.000      5.750      0.001      0.000      0.998      0.000      3.000
     1.250      7.500      6.500      7.000      8.250      8.750      0.000      0.000      0.036      0.964      4.000
     3.000      8.000      3.500      7.500      7.250      5.250      0.000      0.000      0.999      0.001      3.000
     6.000      5.500      5.250      5.750      5.000      6.500      0.004      0.238      0.758      0.000      3.000
     3.500      7.500      6.750      6.750      7.000      6.000      0.000      0.040      0.927      0.032      3.000
     3.500      9.750      8.750      8.750      9.250      8.750      0.000      0.030      0.000      0.969      4.000
     1.500      3.500      6.500      6.250      7.750      7.250      0.000      0.000      0.885      0.114      3.000
     1.000      4.500      6.250      7.000      7.000      8.750      0.000      0.000      0.498      0.502      4.000
     3.500      3.500      6.250      3.500      6.500      6.750      0.004      0.000      0.996      0.000      3.000
     1.500      4.250      7.250      8.750      8.750      7.750      0.000      0.000      0.007      0.993      4.000
     2.000      7.000      4.750      7.750      7.250      7.750      0.000      0.000      0.806      0.194      3.000
     2.000      3.750      4.500      4.500      4.750      5.500      0.882      0.000      0.118      0.000      1.000
     3.750      7.000      6.750      7.250      6.500      6.750      0.000      0.093      0.838      0.070      3.000
     1.000      1.750      3.000      4.000      3.250      3.250      1.000      0.000      0.000      0.000      1.000
     2.250      4.750      3.250      3.500      3.750      3.500      1.000      0.000      0.000      0.000      1.000
     6.000      8.500      6.750      5.750      7.250      6.750      0.000      0.996      0.004      0.000      2.000
     2.000      4.750      6.000      7.500      7.000      7.000      0.000      0.000      0.919      0.081      3.000
     5.500      5.000      7.500      8.000      8.000      7.000      0.000      0.957      0.005      0.038      2.000
     1.750      3.000      5.500      6.250      5.500      7.000      0.002      0.000      0.997      0.000      3.000
     1.000      5.750      5.500      6.500      7.250      7.750      0.000      0.000      0.920      0.080      3.000
     2.500      4.250      2.500      4.500      3.250      3.750      1.000      0.000      0.000      0.000      1.000
     3.500      6.750      6.750      7.500      4.000      5.000      0.025      0.001      0.974      0.000      3.000
     3.750      5.000      5.000      5.250      6.000      5.750      0.014      0.000      0.986      0.000      3.000
     1.000      6.750     10.000      9.000     10.000      9.250      0.000      0.000      0.000      1.000      4.000
     5.000      6.750      7.500      8.000      6.750      5.750      0.000      0.920      0.069      0.011      2.000
     1.000      4.250      6.250      6.000      6.500      6.250      0.000      0.000      0.998      0.002      3.000
     3.750      6.250      8.750      9.000      9.500      9.250      0.000      0.007      0.000      0.993      4.000
     1.750      6.000      7.000      7.500      8.750      8.750      0.000      0.000      0.006      0.994      4.000
     3.000      6.750      5.500      7.000      6.500      7.000      0.000      0.002      0.981      0.017      3.000
     1.000      3.250      5.500      7.250      8.250      7.750      0.000      0.000      0.594      0.406      3.000
     1.750      4.750      4.500      7.000      5.750      7.500      0.000      0.000      0.998      0.002      3.000
     1.500      4.500      7.000      6.000      9.000      9.250      0.000      0.000      0.019      0.981      4.000
     2.250      2.750      5.750      5.500      6.250      5.250      0.037      0.000      0.963      0.000      3.000
     1.750      6.000      6.750      7.500      8.000      6.250      0.000      0.000      0.651      0.349      3.000
     2.000      6.750      3.250      7.500      7.750      7.500      0.000      0.000      0.962      0.038      3.000
     1.000      5.250      4.500      3.750      4.750      5.500      0.921      0.000      0.079      0.000      1.000
     1.000      3.500      4.250      7.000      7.000      9.000      0.000      0.000      0.914      0.086      3.000
     2.750      3.750      8.000      8.250      8.250      9.250      0.000      0.000      0.001      0.998      4.000
     1.250      3.250      3.000      4.500      5.000      6.250      0.851      0.000      0.149      0.000      1.000
     3.750      3.000      5.750      6.750      6.500      7.250      0.000      0.002      0.989      0.010      3.000
     1.750      5.000      3.500      5.750      4.500      4.000      0.988      0.000      0.012      0.000      1.000
     2.500      4.750      6.750      7.500      8.750      8.250      0.000      0.000      0.026      0.973      4.000
     1.500      7.500      3.250      8.000      7.750      7.250      0.000      0.000      0.942      0.058      3.000
     1.750      4.500      5.500      5.250      6.750      6.750      0.000      0.000      0.999      0.001      3.000
     1.000      3.000      6.000      5.250      5.500      5.000      0.346      0.000      0.654      0.000      3.000
     4.750      6.250      7.000      8.750      7.750      8.750      0.000      0.454      0.004      0.542      4.000
     1.750      5.000      8.500      9.000      8.500      8.500      0.000      0.000      0.000      1.000      4.000
     1.000      7.000      4.500      7.000      8.000      8.500      0.000      0.000      0.548      0.452      3.000
     1.250      5.250      5.500      5.500      8.250      6.500      0.000      0.000      0.985      0.015      3.000
     4.000      6.750      6.750      7.750      7.500      8.000      0.000      0.236      0.101      0.663      4.000
     1.250      3.750      3.500      4.500      3.500      5.000      0.999      0.000      0.001      0.000      1.000
     1.250      4.250      3.250      5.500      4.000      6.250      0.875      0.000      0.125      0.000      1.000
     7.000      5.500      6.500      6.250      6.250      7.750      0.000      0.998      0.002      0.000      2.000
     2.500      7.250      4.000      4.000      5.750      7.500      0.004      0.000      0.996      0.000      3.000
     2.000      4.500      4.250      5.250      7.500      6.250      0.001      0.000      0.999      0.000      3.000
     1.000      3.500      2.250      4.500      6.500      7.250      0.032      0.000      0.968      0.000      3.000
     3.250      7.000      5.000      6.750      7.500      7.750      0.000      0.008      0.870      0.121      3.000
     4.500      5.500      7.250      7.750      8.250      6.750      0.000      0.560      0.083      0.358      2.000
     2.750      4.750      8.500      8.750      7.500     10.000      0.000      0.000      0.000      0.999      4.000
     1.250      3.250      7.250      8.250      7.750      7.750      0.000      0.000      0.095      0.905      4.000
     2.750      5.000      4.000      3.000      5.000      6.000      0.888      0.000      0.112      0.000      1.000
     2.500      3.500      5.000      3.750      5.750      6.500      0.121      0.000      0.879      0.000      3.000
     3.000      4.500      6.250      6.750      7.750      6.750      0.000      0.002      0.903      0.095      3.000
     1.250      4.500      6.750      7.000      8.500      7.500      0.000      0.000      0.227      0.773      4.000
     2.500      4.000      7.250      5.250      7.000      6.750      0.000      0.000      0.988      0.012      3.000
     1.250      7.750      8.000      9.250      9.500     10.000      0.000      0.000      0.000      1.000      4.000
     4.250      6.000      6.500      7.750      6.250      7.500      0.000      0.249      0.628      0.123      3.000
     2.000      6.750      4.250      6.750      6.500      6.750      0.000      0.000      0.998      0.002      3.000
     4.500      4.000      4.500      5.250      4.000      4.750      0.975      0.000      0.025      0.000      1.000
     2.500      4.250      2.250      6.500      5.250      4.500      0.872      0.000      0.128      0.000      1.000
     3.250      5.000      6.000      6.250      7.750      7.250      0.000      0.004      0.902      0.093      3.000
     2.250      4.000      3.500      7.000      6.000      6.000      0.008      0.000      0.992      0.000      3.000
     2.750      7.000      7.500      8.000      7.000      8.000      0.000      0.009      0.087      0.903      4.000
     1.000      9.500      5.750      4.500      8.000      8.250      0.000      0.000      0.836      0.164      3.000
     3.500      7.250      6.250      7.250      7.250      4.750      0.000      0.013      0.980      0.007      3.000
     4.000      4.000      3.000      4.750      6.250      5.750      0.158      0.000      0.842      0.000      3.000
     1.000      7.000      3.500      6.750      7.500      7.500      0.000      0.000      0.986      0.014      3.000
     4.750      6.000      5.750      7.250      8.000      8.250      0.000      0.572      0.110      0.318      2.000
     2.000      1.000      2.000      2.000      2.000      2.000      1.000      0.000      0.000      0.000      1.000
     3.500      5.250      5.500      7.750      7.250      7.750      0.000      0.014      0.708      0.278      3.000
     1.000      3.750      6.250      6.000      7.500      7.750      0.000      0.000      0.904      0.096      3.000
     2.750      8.250      6.750      7.000      7.250      8.250      0.000      0.015      0.217      0.767      4.000
