     2.250      6.750      7.250      6.250      8.000      8.250      0.000      0.093      0.907      3.000
     2.500      4.750      4.500      7.000      7.750      8.250      0.000      0.791      0.209      2.000
     3.000      4.250      4.000      7.250      6.750      7.500      0.000      0.988      0.012      2.000
     2.500      5.500      6.000      5.250      6.500      7.000      0.000      0.994      0.006      2.000
     2.500      4.750      4.750      7.750      7.750      6.500      0.000      0.936      0.064      2.000
     1.000      1.000      2.750      3.750      4.250      3.500      1.000      0.000      0.000      1.000
     1.000      1.750      2.000      4.750      5.750      7.250      0.285      0.715      0.000      2.000
     5.500      6.750      7.250      7.250      8.000      8.250      0.000      0.009      0.991      3.000
     6.500      8.750      8.250      9.000      9.000      7.250      0.000      0.000      1.000      3.000
     2.250      5.500      8.000      5.750      5.000      8.750      0.000      0.883      0.117      2.000
     2.750      4.250      3.250      7.750      7.750      7.000      0.000      0.981      0.019      2.000
     1.000      1.000      1.000      1.250      4.250      2.000      1.000      0.000      0.000      1.000
     1.500      1.750      5.000      7.000      7.250      7.000      0.000      0.992      0.008      2.000
     1.250      4.000      7.750      8.250      8.750      9.250      0.000      0.001      0.999      3.000
     1.750      6.750      2.000      5.250      7.000      5.750      0.012      0.988      0.000      2.000
     4.250      5.750      5.750      6.000      5.500      7.250      0.000      0.994      0.006      2.000
     1.000      3.500      7.250      7.750      9.250      9.000      0.000      0.004      0.996      3.000
     1.750      2.500      2.250      4.250      7.750      7.750      0.001      0.999      0.000      2.000
     3.250      7.000      3.750      6.250      6.000      6.000      0.002      0.997      0.000      2.000
     2.500      7.250      5.000      6.750      5.750      6.250      0.000      0.998      0.002      2.000
     5.500      6.250      7.250      6.500      8.250      7.500      0.000      0.053      0.947      3.000
     1.500      3.250      5.500      8.500      7.500      9.000      0.000      0.178      0.822      3.000
     2.000      6.500      6.500      7.250      8.000      6.750      0.000      0.458      0.542      3.000
     3.500      3.250      6.000      6.500      6.500      7.500      0.000      0.968      0.032      2.000
     3.000      5.750      4.750      6.250      5.750      5.750      0.006      0.994      0.000      2.000
     1.750      3.500      6.000      7.250      8.000      8.000      0.000      0.463      0.537      3.000
     1.000      7.000      7.500      7.500      7.250      6.750      0.000      0.416      0.584      3.000
     5.250      6.750      8.500      8.250      8.500      9.250      0.000      0.000      1.000      3.000
     1.000      2.500      5.750      7.250      8.000      6.750      0.000      0.935      0.065      2.000
     1.000      7.500      7.000      6.500      4.250      6.250      0.003      0.996      0.001      2.000
     3.500      6.000      6.750      9.250      8.750      8.500      0.000      0.001      0.999      3.000
     2.250      4.500      6.250      5.000      7.250      7.750      0.000      0.965      0.035      2.000
     2.500      5.000      7.000      7.750      4.250      4.000      0.167      0.833      0.000      2.000
     3.000      5.500      7.750      8.250      6.000      5.750      0.000      0.856      0.144      2.000
     1.750      5.000      6.250      6.500      7.000      7.500      0.000      0.905      0.095      2.000
     2.000      5.250      7.250      9.000      6.250      7.750      0.000      0.197      0.803      3.000
     1.250      3.000      6.500      6.750      6.250      7.250      0.000      0.985      0.015      2.000
     6.250      7.000      7.500      6.750      6.500      7.000      0.000      0.386      0.614      3.000
     1.750      5.750      4.000      5.000      4.250      4.250      0.989      0.011      0.000      1.000
     1.000      4.750      3.000      5.250      4.750      7.250      0.138      0.862      0.000      2.000
     6.000      5.250      5.250      5.500      6.500      6.250      0.000      0.996      0.003      2.000
     2.000      3.250      4.250      7.750      7.500      6.000      0.000      0.994      0.005      2.000
     3.500      3.750      7.000      7.000      7.750      7.500      0.000      0.335      0.665      3.000
     3.000      4.500      3.250      6.250      5.000      6.250      0.100      0.900      0.000      2.000
     1.000      2.250      2.250      5.500      7.000      6.500      0.018      0.982      0.000      2.000
     2.250      3.250      6.000      8.000      7.750      7.750      0.000      0.406      0.594      3.000
     1.500      2.250      4.000      4.500      7.000      6.250      0.021      0.979      0.000      2.000
     2.250      6.250      7.250      7.750      8.250      7.250      0.000      0.054      0.946      3.000
     1.500      8.000      6.250      8.250      7.750      8.500      0.000      0.026      0.974      3.000
     2.250      4.500      6.250      6.750      8.250      8.000      0.000      0.306      0.694      3.000
     7.000      7.250      7.000      7.750      8.250      8.250      0.000      0.002      0.998      3.000
     4.750      8.750      6.750      8.750      8.750      7.750      0.000      0.001      0.999      3.000
     1.250      4.000      1.000      2.500      3.750      4.250      1.000      0.000      0.000      1.000
     7.750      7.000      7.250      7.250      6.500      8.250      0.000      0.041      0.959      3.000
     1.750      5.250      6.000      8.250      9.750      8.500      0.000      0.004      0.996      3.000
     4.500      6.500      6.250      8.500      9.000      8.250      0.000      0.002      0.998      3.000
     1.250      6.250      4.250      7.000      7.000      5.000      0.001      0.999      0.001      2.000
     1.250      5.500      5.250      2.500      6.250      5.500      0.364      0.636      0.000      2.000
     4.500      5.250      8.000      6.000      8.500      7.750      0.000      0.038      0.962      3.000
     3.500      6.500      6.250      5.250      5.750      6.750      0.000      0.996      0.003      2.000
     3.500      5.250      5.500      5.750      5.750      5.750      0.007      0.993      0.000      2.000
     2.500      8.250      8.250      9.750      8.750      8.500      0.000      0.000      1.000      3.000
     2.250      3.500      6.000      5.500      7.750      7.750      0.000      0.930      0.070      2.000
     3.750      4.750      8.000      8.000      8.750      8.000      0.000      0.002      0.998      3.000
     2.000      3.750      2.500      5.000      5.500      4.500      0.968      0.032      0.000      1.000
     5.500      6.000      5.500      6.000      6.000      5.750      0.001      0.997      0.002      2.000
     3.750      5.750      4.250      5.500      6.500      7.250      0.000      0.998      0.002      2.000
     2.250      4.000      7.500      6.500      6.000      5.000      0.002      0.996      0.002      2.000
     3.250      7.000      5.250      7.000      7.750      8.250      0.000      0.324      0.676      3.000
     1.250      6.250      3.500      7.750      6.000      6.250      0.000      0.999      0.001      2.000
     2.750      5.000      4.000      4.250      4.750      5.000      0.950      0.050      0.000      1.000
     1.000      4.250      3.500      7.000      9.000      5.250      0.000      0.997      0.003      2.000
     3.000      6.250      3.000      5.500      5.250      5.750      0.199      0.801      0.000      2.000
     1.750      7.250      4.500      7.250      6.500      8.250      0.000      0.915      0.085      2.000
     1.500      7.000      7.250      6.250      6.250      7.250      0.000      0.902      0.098      2.000
     2.500      5.250      7.250      7.000      8.250      8.750      0.000      0.021      0.979      3.000
     1.250      2.250      6.250      4.750      5.750      7.750      0.001      0.998      0.001      2.000
     3.500      6.500      6.500      6.000      6.750      6.750      0.000      0.946      0.054      2.000
     1.000      8.750      3.500      5.000      7.500     10.000      0.000      0.869      0.131      2.000
     1.250      6.250      4.250      7.750      4.750      6.000      0.008      0.992      0.000      2.000
     3.500      6.750      7.000      7.750      8.250      7.750      0.000      0.019      0.981      3.000
     3.250      5.250      6.750      6.250      7.250      6.500      0.000      0.914      0.086      2.000
     4.250      7.250      7.250      6.750      7.500      7.750      0.000      0.095      0.905      3.000
     1.000      6.250      7.000      8.500      4.500      4.500      0.008      0.991      0.001      2.000
     1.500      4.000      4.500      5.250      6.000      4.500      0.451      0.549      0.000      2.000
     1.750      2.750      4.000      8.750      6.500      4.000      0.015      0.985      0.000      2.000
     2.750      4.000      4.250      5.000      5.000      5.000      0.828      0.172      0.000      1.000
     3.500      8.500      5.250      6.500      8.500      7.250      0.000      0.370      0.630      3.000
     1.750      4.500      1.750      4.000      3.250      4.500      1.000      0.000      0.000      1.000
     1.500      2.750      3.500      4.500      5.250      6.000      0.767      0.233      0.000      1.000
     1.500      6.250      5.250      6.500      7.000      8.250      0.000      0.883      0.117      2.000
     8.250      7.500      7.500      9.000      7.750      8.750      0.000      0.000      1.000      3.000
     1.250      1.500      2.250      1.750      5.250      5.750      1.000      0.000      0.000      1.000
     1.000      3.250      6.250      9.500      9.500      9.500      0.000      0.001      0.999      3.000
     2.250      5.500      7.750      7.000      7.750      5.750      0.000      0.677      0.323      2.000
     2.750      5.000      4.000      5.500      5.500      5.000      0.339      0.661      0.000      2.000
     2.750      4.250      5.750      6.500      8.000      8.750      0.000      0.339      0.661      3.000
     1.000      8.750      6.750      9.500     10.000      8.500      0.000      0.000      1.000      3.000
     2.250      5.000      6.000      7.000      7.000      7.000      0.000      0.925      0.075      2.000
     3.000      5.500      6.000      7.000      6.500      6.750      0.000      0.962      0.038      2.000
     8.750      7.750      8.250      7.250      9.000      8.000      0.000      0.000      1.000      3.000
     3.000      8.000      8.000      9.000      8.250      8.000      0.000      0.001      0.999      3.000
     1.750      6.000      5.500      7.500      7.000      7.750      0.000      0.772      0.228      2.000
     3.750      3.750      7.000      7.250      6.500      6.750      0.000      0.887      0.113      2.000
     2.750      4.750      6.500      7.000      6.000      7.000      0.000      0.968      0.032      2.000
     2.000      3.250      2.750      3.250      3.000      3.000      1.000      0.000      0.000      1.000
     3.750      2.500      7.250      3.500      8.000      5.000      0.003      0.997      0.001      2.000
     1.000      5.250      3.750      8.500     10.000      9.250      0.000      0.013      0.987      3.000
     1.000      7.250      3.250      8.250      4.750      4.250      0.209      0.791      0.000      2.000
     1.500      5.250      4.250      5.500      8.250      7.250      0.000      0.987      0.013      2.000
     2.500      6.500      3.250      5.500      6.250      7.500      0.000      0.999      0.000      2.000
     2.000      7.750      4.250      5.000      7.500      6.750      0.000      0.997      0.003      2.000
     1.500      2.750      5.500      5.750      3.750      6.000      0.751      0.249      0.000      1.000
     1.500      7.500      4.500      6.000      6.500      6.500      0.000      0.998      0.002      2.000
     1.500      3.750      6.500      9.250      5.500      7.500      0.000      0.828      0.172      2.000
     1.500      6.500      7.750      6.750      7.250      7.500      0.000      0.304      0.696      3.000
     2.250      3.250      3.750      4.500      4.000      5.250      0.995      0.005      0.000      1.000
     1.250      6.750      1.750      5.250      3.000      3.500      1.000      0.000      0.000      1.000
     6.500      7.500      8.000      7.500      7.500      7.750      0.000      0.007      0.993      3.000
     1.500      4.250      4.000      5.500      3.000      3.750      1.000      0.000      0.000      1.000
     1.750      3.750      4.500      4.000      6.000      6.000      0.179      0.821      0.000      2.000
     1.000      3.750      5.000      6.250      8.750      6.750      0.000      0.958      0.042      2.000
     3.250      6.250      6.500      6.250      6.250      5.750      0.000      0.993      0.007      2.000
     2.750      4.250      4.000      5.250      5.250      5.750      0.292      0.708      0.000      2.000
     2.000      5.500      4.750      6.750      8.000      6.500      0.000      0.967      0.033      2.000
     2.500      6.500      7.750      8.750      8.000      8.750      0.000      0.001      0.999      3.000
     3.500      7.250      5.750      7.750      7.000      7.500      0.000      0.464      0.536      3.000
     1.000      4.500      2.250      5.000      6.750      7.250      0.004      0.996      0.000      2.000
     2.000      6.000      4.250      4.750      5.500      6.750      0.018      0.982      0.000      2.000
     2.750      3.500      4.000      7.250      6.500      6.500      0.000      0.998      0.001      2.000
     7.000      8.500      8.750      8.750      8.000      8.000      0.000      0.000      1.000      3.000
     1.750      4.500      7.250      8.500      8.250      7.750      0.000      0.025      0.975      3.000
     1.750      6.000      2.000      7.000      5.500      6.000      0.035      0.965      0.000      2.000
     7.750      5.750      6.500      6.750      6.750      6.000      0.000      0.857      0.143      2.000
     2.250      6.500      9.250     10.000     10.000      9.750      0.000      0.000      1.000      3.000
     2.750      2.250      3.750      8.000      6.000      7.000      0.000      0.998      0.001      2.000
     3.000      6.000      6.750      7.750      9.250      8.500      0.000      0.003      0.997      3.000
     3.750      7.750      5.750      9.750      8.000      7.750      0.000      0.008      0.992      3.000
     1.750      7.000      4.000      6.750      6.500      8.250      0.000      0.976      0.024      2.000
     1.000      2.750      4.750      4.750      8.000      7.000      0.000      0.998      0.001      2.000
     1.000      3.250      3.000      7.250      7.000      6.750      0.000      0.999      0.001      2.000
     1.000      4.500      4.750      6.000      3.250      8.000      0.081      0.918      0.000      2.000
     2.500      4.250      8.000      8.750      8.000      8.000      0.000      0.006      0.994      3.000
     1.000      3.750      8.500     10.000      7.250      6.250      0.000      0.064      0.936      3.000
     2.000      5.500      4.000      6.000      7.750      8.250      0.000      0.956      0.044      2.000
     1.000      2.500      6.750      6.750      9.000      8.250      0.000      0.139      0.861      3.000
     1.250      4.000      6.250      6.500      6.500      6.750      0.000      0.991      0.009      2.000
     1.250      1.500      4.000      4.000      2.500      5.000      1.000      0.000      0.000      1.000
     2.500      8.250      8.250      9.500      7.500      9.000      0.000      0.000      1.000      3.000
     4.250      5.750      5.000      7.250      7.500      6.500      0.000      0.914      0.086      2.000
     1.000      4.500      6.250      5.250      5.750      7.750      0.000      0.997      0.003      2.000
     2.250      6.250      4.000      6.500      6.000      6.250      0.001      0.998      0.000      2.000
     4.250      4.250      3.500      6.000      6.250      4.500      0.182      0.818      0.000      2.000
     3.250      5.250      4.250      4.500      4.250      5.250      0.943      0.057      0.000      1.000
     1.500      1.500      2.000      3.000      4.750      3.250      1.000      0.000      0.000      1.000
     4.250      7.750      6.250      6.500      6.500      6.500      0.000      0.930      0.070      2.000
     2.000      4.750      4.750      2.000      3.750      4.000      1.000      0.000      0.000      1.000
     2.000      5.250      8.000      8.500      7.750      7.000      0.000      0.044      0.956      3.000
     2.500      5.250      4.750      7.500      7.250      6.500      0.000      0.974      0.026      2.000
     2.000      3.750      5.250      6.750      5.750      6.500      0.001      0.998      0.001      2.000
     3.000      5.500      6.250      6.500      6.500      6.750      0.000      0.971      0.029      2.000
     3.750      6.000      5.500      6.250      6.250      8.250      0.000      0.925      0.075      2.000
     2.000      3.500      5.500      6.000      5.500      5.000      0.129      0.871      0.000      2.000
     1.250      4.250      4.000      4.750      6.250      8.250      0.000      0.999      0.000      2.000
     5.000      3.750      4.750      4.000      5.000      5.750      0.655      0.345      0.000      1.000
     1.500      6.250      4.000      6.750      5.500      7.500      0.000      0.999      0.001      2.000
     5.750      1.750      5.500      3.750      3.500      3.250      1.000      0.000      0.000      1.000
     1.000      5.750      3.500      6.250      4.250      4.250      0.965      0.035      0.000      1.000
     2.750      4.000      4.000      8.250      5.750      6.000      0.001      0.998      0.001      2.000
     1.000      8.000      5.500      9.000      6.250      7.000      0.000      0.771      0.229      2.000
     4.250      4.750      6.500      7.750      6.750      7.750      0.000      0.409      0.591      3.000
     1.250      3.000      3.500      4.750      5.250      7.500      0.079      0.921      0.000      2.000
     3.500      4.250      5.500      5.500      6.000      6.000      0.005      0.994      0.000      2.000
     4.000      4.750      7.000      6.250      6.250      6.750      0.000      0.962      0.038      2.000
     3.750      6.500      5.750      5.500      2.750      4.750      0.979      0.021      0.000      1.000
     1.000      4.750      9.500      8.750      9.250      9.500      0.000      0.000      1.000      3.000
     2.250      4.000      7.250      6.750      7.000      7.500      0.000      0.708      0.292      2.000
     3.000      5.750      6.250      6.000      6.000      6.500      0.000      0.994      0.005      2.000
     5.750      5.500      7.000      7.750      7.250      7.750      0.000      0.067      0.933      3.000
     3.000      4.500      5.000      3.500      6.250      6.250      0.044      0.956      0.000      2.000
     2.000      4.750      4.750      7.000      8.000      7.500      0.000      0.870      0.130      2.000
     1.750      3.000      3.500      4.750      6.500      6.500      0.030      0.970      0.000      2.000
     2.500      4.500      7.500      8.500      6.000      8.750      0.000      0.112      0.888      3.000
     2.000      3.750      2.000      6.250      5.000      4.000      0.988      0.012      0.000      1.000
     3.500      6.750      7.000      6.250      8.000      8.250      0.000      0.082      0.918      3.000
     4.000      5.750      5.250      7.500      7.750      7.750      0.000      0.399      0.601      3.000
     1.500      2.750      1.750      2.250      2.500      2.750      1.000      0.000      0.000      1.000
     1.500      4.500      3.500      3.750      5.750      5.500      0.757      0.243      0.000      1.000
     2.000      6.500      7.500     10.000      9.500      9.000      0.000      0.000      1.000      3.000
     2.750      6.000      6.750      9.000      9.000      9.000      0.000      0.000      1.000      3.000
     2.500      4.500      4.250      4.250      5.250      3.750      0.989      0.011      0.000      1.000
     2.000      6.750      5.500      7.750      7.250      6.000      0.000      0.937      0.063      2.000
     1.000      2.000      2.000      5.250      4.250      7.000      0.920      0.080      0.000      1.000
     1.750      3.250      4.500      4.250      4.750      5.500      0.926      0.074      0.000      1.000
     3.000      5.000      8.250      6.500      6.500      8.750      0.000      0.149      0.851      3.000
     5.750      6.750      5.500      5.000      5.500      6.000      0.006      0.993      0.001      2.000
     1.250      3.750      2.250      5.750      4.500      5.500      0.955      0.045      0.000      1.000
     3.000      7.000      3.000      6.000      8.000      5.000      0.000      0.999      0.000      2.000
     1.500      3.000      5.500      6.250      6.500      6.750      0.000      0.998      0.002      2.000
     1.500      4.500      4.250      5.500      5.750      5.750      0.067      0.933      0.000      2.000
     3.250      2.750      5.000      4.500      3.750      5.250      0.991      0.009      0.000      1.000
     1.000      4.000      4.000      5.250      6.500      5.750      0.029      0.971      0.000      2.000
     3.000      3.750      7.500      8.000      9.000      9.000      0.000      0.001      0.999      3.000
     1.500      4.750      2.750      6.250      5.750      7.500      0.002      0.998      0.000      2.000
     2.500      5.500      2.750      6.750      6.250      7.250      0.000      0.999      0.001      2.000
     1.250      3.500      4.000      5.000      7.000      4.500      0.186      0.814      0.000      2.000
     2.750      6.500      4.500      4.750      6.500      6.750      0.001      0.999      0.001      2.000
     2.000      1.750      3.500      2.250      1.750      3.000      1.000      0.000      0.000      1.000
     1.750      3.500      6.000      7.500      6.000      6.250      0.000      0.995      0.005      2.000
     2.500      3.500      4.000      4.750      4.500      4.500      0.992      0.008      0.000      1.000
     1.000      4.250      4.750      7.750      8.250      8.000      0.000      0.595      0.405      2.000
     4.750      4.750      6.000      6.500      7.500      6.750      0.000      0.866      0.134      2.000
     1.000      1.000      4.250      3.500      7.250      8.000      0.002      0.998      0.000      2.000
     3.750      3.500      4.750      6.500      6.250      6.000      0.002      0.997      0.001      2.000
     1.000      5.750      5.500      6.250      6.000      6.750      0.000      0.998      0.002      2.000
     2.000      5.250      3.750      5.500      7.250      7.500      0.000      0.998      0.002      2.000
     2.500      5.500      6.000      4.500      7.000      5.750      0.001      0.998      0.001      2.000
     1.250      7.500      6.500      7.000      8.250      8.750      0.000      0.035      0.965      3.000
     3.000      8.000      3.500      7.500      7.250      5.250      0.000      0.997      0.003      2.000
     6.000      5.500      5.250      5.750      5.000      6.500      0.006      0.993      0.001      2.000
     3.500      7.500      6.750      6.750      7.000      6.000      0.000      0.875      0.125      2.000
     3.500      9.750      8.750      8.750      9.250      8.750      0.000      0.000      1.000      3.000
     1.500      3.500      6.500      6.250      7.750      7.250      0.000      0.886      0.114      2.000
     1.000      4.500      6.250      7.000      7.000      8.750      0.000      0.564      0.436      2.000
     3.500      3.500      6.250      3.500      6.500      6.750      0.004      0.996      0.000      2.000
     1.500      4.250      7.250      8.750      8.750      7.750      0.000      0.010      0.990      3.000
     2.000      7.000      4.750      7.750      7.250      7.750      0.000      0.726      0.274      2.000
     2.000      3.750      4.500      4.500      4.750      5.500      0.864      0.136      0.000      1.000
     3.750      7.000      6.750      7.250      6.500      6.750      0.000      0.757      0.243      2.000
     1.000      1.750      3.000      4.000      3.250      3.250      1.000      0.000      0.000      1.000
     2.250      4.750      3.250      3.500      3.750      3.500      1.000      0.000      0.000      1.000
     6.000      8.500      6.750      5.750      7.250      6.750      0.000      0.591      0.409      2.000
     2.000      4.750      6.000      7.500      7.000      7.000      0.000      0.889      0.111      2.000
     5.500      5.000      7.500      8.000      8.000      7.000      0.000      0.032      0.968      3.000
     1.750      3.000      5.500      6.250      5.500      7.000      0.002      0.997      0.001      2.000
     1.000      5.750      5.500      6.500      7.250      7.750      0.000      0.917      0.083      2.000
     2.500      4.250      2.500      4.500      3.250      3.750      1.000      0.000      0.000      1.000
     3.500      6.750      6.750      7.500      4.000      5.000      0.025      0.975      0.000      2.000
     3.750      5.000      5.000      5.250      6.000      5.750      0.013      0.987      0.000      2.000
     1.000      6.750     10.000      9.000     10.000      9.250      0.000      0.000      1.000      3.000
     5.000      6.750      7.500      8.000      6.750      5.750      0.000      0.496      0.504      3.000
     1.000      4.250      6.250      6.000      6.500      6.250      0.000      0.997      0.002      2.000
     3.750      6.250      8.750      9.000      9.500      9.250      0.000      0.000      1.000      3.000
     1.750      6.000      7.000      7.500      8.750      8.750      0.000      0.007      0.993      3.000
     3.000      6.750      5.500      7.000      6.500      7.000      0.000      0.953      0.047      2.000
     1.000      3.250      5.500      7.250      8.250      7.750      0.000      0.691      0.309      2.000
     1.750      4.750      4.500      7.000      5.750      7.500      0.000      0.997      0.003      2.000
     1.500      4.500      7.000      6.000      9.000      9.250      0.000      0.026      0.974      3.000
     2.250      2.750      5.750      5.500      6.250      5.250      0.031      0.969      0.000      2.000
     1.750      6.000      6.750      7.500      8.000      6.250      0.000      0.557      0.443      2.000
     2.000      6.750      3.250      7.500      7.750      7.500      0.000      0.943      0.057      2.000
     1.000      5.250      4.500      3.750      4.750      5.500      0.906      0.094      0.000      1.000
     1.000      3.500      4.250      7.000      7.000      9.000      0.000      0.942      0.058      2.000
     2.750      3.750      8.000      8.250      8.250      9.250      0.000      0.001      0.999      3.000
     1.250      3.250      3.000      4.500      5.000      6.250      0.823      0.177      0.000      1.000
     3.750      3.000      5.750      6.750      6.500      7.250      0.000      0.978      0.022      2.000
     1.750      5.000      3.500      5.750      4.500      4.000      0.986      0.014      0.000      1.000
     2.500      4.750      6.750      7.500      8.750      8.250      0.000      0.023      0.977      3.000
     1.500      7.500      3.250      8.000      7.750      7.250      0.000      0.922      0.078      2.000
     1.750      4.500      5.500      5.250      6.750      6.750      0.000      0.998      0.002      2.000
     1.000      3.000      6.000      5.250      5.500      5.000      0.292      0.708      0.000      2.000
     4.750      6.250      7.000      8.750      7.750      8.750      0.000      0.002      0.998      3.000
     1.750      5.000      8.500      9.000      8.500      8.500      0.000      0.001      0.999      3.000
     1.000      7.000      4.500      7.000      8.000      8.500      0.000      0.561      0.439      2.000
     1.250      5.250      5.500      5.500      8.250      6.500      0.000      0.981      0.019      2.000
     4.000      6.750      6.750      7.750      7.500      8.000      0.000      0.050      0.950      3.000
     1.250      3.750      3.500      4.500      3.500      5.000      0.999      0.001      0.000      1.000
     1.250      4.250      3.250      5.500      4.000      6.250      0.854      0.146      0.000      1.000
     7.000      5.500      6.500      6.250      6.250      7.750      0.000      0.732      0.268      2.000
     2.500      7.250      4.000      4.000      5.750      7.500      0.003      0.996      0.000      2.000
     2.000      4.500      4.250      5.250      7.500      6.250      0.000      0.999      0.001      2.000
     1.000      3.500      2.250      4.500      6.500      7.250      0.026      0.974      0.000      2.000
     3.250      7.000      5.000      6.750      7.500      7.750      0.000      0.736      0.264      2.000
     4.500      5.500      7.250      7.750      8.250      6.750      0.000      0.066      0.934      3.000
     2.750      4.750      8.500      8.750      7.500     10.000      0.000      0.000      1.000      3.000
     1.250      3.250      7.250      8.250      7.750      7.750      0.000      0.131      0.869      3.000
     2.750      5.000      4.000      3.000      5.000      6.000      0.879      0.121      0.000      1.000
     2.500      3.500      5.000      3.750      5.750      6.500      0.108      0.892      0.000      2.000
     3.000      4.500      6.250      6.750      7.750      6.750      0.000      0.827      0.173      2.000
     1.250      4.500      6.750      7.000      8.500      7.500      0.000      0.257      0.743      3.000
     2.500      4.000      7.250      5.250      7.000      6.750      0.000      0.977      0.023      2.000
     1.250      7.750      8.000      9.250      9.500     10.000      0.000      0.000      1.000      3.000
     4.250      6.000      6.500      7.750      6.250      7.500      0.000      0.584      0.416      2.000
     2.000      6.750      4.250      6.750      6.500      6.750      0.000      0.996      0.004      2.000
     4.500      4.000      4.500      5.250      4.000      4.750      0.975      0.025      0.000      1.000
     2.500      4.250      2.250      6.500      5.250      4.500      0.856      0.144      0.000      1.000
     3.250      5.000      6.000      6.250      7.750      7.250      0.000      0.814      0.186      2.000
     2.250      4.000      3.500      7.000      6.000      6.000      0.007      0.993      0.000      2.000
     2.750      7.000      7.500      8.000      7.000      8.000      0.000      0.047      0.953      3.000
     1.000      9.500      5.750      4.500      8.000      8.250      0.000      0.761      0.239      2.000
     3.500      7.250      6.250      7.250      7.250      4.750      0.000      0.970      0.030      2.000
     4.000      4.000      3.000      4.750      6.250      5.750      0.153      0.847      0.000      2.000
     1.000      7.000      3.500      6.750      7.500      7.500      0.000      0.984      0.016      2.000
     4.750      6.000      5.750      7.250      8.000      8.250      0.000      0.096      0.904      3.000
     2.000      1.000      2.000      2.000      2.000      2.000      1.000      0.000      0.000      1.000
     3.500      5.250      5.500      7.750      7.250      7.750      0.000      0.539      0.461      2.000
     1.000      3.750      6.250      6.000      7.500      7.750      0.000      0.919      0.081      2.000
     2.750      8.250      6.750      7.000      7.250      8.250      0.000      0.109      0.891      3.000
